-5.72800259235797,-1.79214811417529,0.0852861031737708
-5.7080895186637,-1.80348854604672,0.164492570183005
-5.59311795313192,-1.74438133300576,0.616914102900473
-5.49094864878839,-1.0337749573914,0.41542551403508
0.259572882760661,8.43623326902935,1.00974876008957
-5.35866469886978,-0.90241653631405,0.298807133876946
0.421372774268445,7.99141187168999,0.886950242190838
-5.54850745824008,-1.07983544941053,0.41904639673578
0.463811403548974,8.51890002751868,0.395355868730142
-0.887701212779639,5.40216205321341,0.595649975221733
0.344102181017789,7.76747840980088,0.606980227746168
-5.09277180643643,-0.435050349107605,0.342151622175703
-5.27263592221653,-0.574557205583693,0.948986604043648
-5.5299178890956,-0.598349137553559,0.252568638033757
-5.46921121245657,-0.463333960017906,0.447114771779212
-5.58021731554443,-0.674994565602899,0.536121991041163
-5.95445813523292,-3.23393427233702,0.644080433039678
-5.2981937585163,-0.65534220401914,0.301082788436305
-5.40362950220992,-0.549755387994066,0.054157352061839
-5.37716470587037,-0.502163964607719,0.197913281782973
-5.2093742300998,-0.186051921078143,0.16118216178417
1.99661709174493,0.972054619370629,0.81936683115821
-5.39111826193328,-0.241643115897919,0.419142906757508
2.1979227487701,1.00582543450868,0.856902663383435
-5.14370843797115,-0.608734546936672,0.576756069738863
-5.16718956641586,-0.501063123735277,0.581781359648351
-5.39644645929846,-0.376492868194509,0.509558942440695
-5.31540209744869,-0.723251367617726,0.829664712574252
-5.32905948333302,-0.672798581676702,0.336646496311607
-5.17938319488546,0.242882570978912,0.369607230928148
-5.05593140039235,0.122395645880193,0.33571087012116
1.14531225306833,-0.430416675664608,0.46137367084672
2.60794011068026,5.13242736959331,0.807819789581962
1.88297753573895,5.43255457111265,-0.092167013413871
-1.62023981328863,6.9756122992394,0.365252045793371
-2.04091909019717,-4.25237397868825,0.115954871379506
-1.10220820824555,-0.395159012235608,0.0922643433738679
-2.20324571322229,-4.15253030220217,-0.258927532596241
-2.02912707474359,-4.16315771002629,-0.0934888998756792
-2.0333504074095,-3.79488408659528,-0.149896702180504
-4.83898070240283,-1.5421094683672,0.0163337602984011
-2.07212134885158,-4.05759812979622,-0.178340578530541
2.6570500501707,5.65258409173216,0.0410543112608064
2.90845334191065,5.54281097393094,-0.248806092956278
1.1644886830194,10.2695720164406,0.521773754342504
-1.82933713582146,-3.82466354446873,0.15782846392326
-1.72439846062083,-3.83116117234265,0.193957481214629
3.14882509519857,-0.248426355203417,0.141426310419518
-2.09244308623508,-3.9731807029678,-0.0793037863782851
-2.26142803974602,-4.14283351559829,-0.0461309973385218
-2.32700630167751,-4.16585694523607,-0.129200363819801
-2.43112956196629,-4.28018388012627,-0.328631449082937
-2.02421166825741,-4.1772132324915,-0.148163580143099
-0.663814872004924,0.377222780612612,-0.0554615140340788
-2.00115854599558,-3.89711312604738,-0.052674713831055
-1.79534889063537,-3.8616452225916,-0.153599978699536
-0.512776386007953,0.563353970653875,-0.455312820375261
-2.07757064163048,-4.06348508994416,-0.0509918058115723
-1.77656846944567,-3.96922874775528,0.0633463724012153
-0.65095870134834,0.430929907957466,-0.273188705881207
-1.53687627186557,-3.58595404916938,0.0926000114000423
8.34024179895158,-4.19700443894577,-0.258910871451859
8.20573428237907,-3.90028309341024,-0.134874787048688
8.35998570870269,-3.80106005387114,-0.0403118845535814
-1.21448466839787,-1.63073500378841,0.00238869646447437
8.48820030055315,-3.66321868642472,-0.0274819692817653
8.42054089842393,-4.28695747150192,-0.249630958707386
0.394127646250226,7.77931808971853,-0.0156852633151474
-1.78363215822539,-3.10450496999725,-0.0502793848106113
-1.7420905426581,-3.10581139099569,-0.0491930179705343
-1.78892654935927,-2.93880091459996,-0.102786274293662
-1.58153722266328,-2.89996970520366,0.090505035232086
0.13914840142926,1.64912076516434,0.228528111438849
-1.36738257694496,-2.98645220797041,0.0853664204971123
8.93716654648383,-3.54264754435253,0.0951364845762788
8.76660259595812,-3.81229311887644,-0.0308632221934085
5.6778583624051,4.93956713247091,0.209545606154545
8.60682041269208,-3.84989049113461,-0.123151808881159
8.53445686465046,-3.54096931509187,0.00779903069216625
-1.31465887831942,-1.67300195880215,0.0747040362596785
8.34263960163961,-3.71085819379257,0.00466247519953011
8.21397454375483,-3.74926498570145,-0.040009772820887
8.2379697979025,-3.81162417466433,-0.170890619003883
8.25842231589394,-3.61349631606139,-0.0632954453868195
-1.26992335221343,-1.1604432919029,0.0127938838061818
8.14550998353002,-3.39711334739671,0.02252181919845
1.15531056252216,-0.498036863135662,0.32888598389928
-0.805679697569353,0.208173836336641,-0.304994330078081
1.89796965009624,-1.03916960188929,0.216619567020173
1.38901691617218,8.16139390784589,0.453085933409358
7.9183050391742,-2.4423995539892,0.260198354556791
3.07763458781075,-0.0126346487086462,0.0493752993793983
3.04577875659902,0.0127494988646326,0.109993366814418
-1.70045620534182,1.81558194004064,0.252945488182406
8.14233815294464,-4.63883388634561,-0.355067163580922
8.10465664614637,-3.77582516700487,-0.0164327152940603
7.8980434830769,-4.05121844179713,-0.141954228712323
8.05599655727353,-4.00918681322591,-0.0781250108298901
8.35680875485835,-3.79947060573592,0.0732014554167024
8.16784610664316,-4.24648875466781,-0.172001342548569
8.21568328104793,-4.10357137383896,-0.138338988198151
-0.986406402734112,-0.129559165974653,-0.00912825401636508
1.47156941701635,-1.00003399156163,0.50627607797269
6.33522933467888,-1.85187615357069,-0.0770743092435919
6.19246766071607,-1.54916692505038,-0.0108743819415156
8.43404944387208,9.79851639329486,0.454969578884126
0.270175298753031,8.69745290963659,0.773731259007909
0.927372895342526,-0.586015725693901,0.188678219564318
0.952188721801367,-0.655804197740004,0.177366381469354
-5.4936496947034,-3.00387914567075,0.396083821216374
-5.6769767931313,-3.23674564902609,0.362690626503417
-0.637525580671706,0.168111755092809,0.0670740379113204
3.71148878470624,-1.65197940576158,0.396680664575649
-0.770884755199873,-0.351555176790674,-0.868659214827794
-4.79802665347572,-0.812364041996288,-0.527261324983939
-1.96408459149708,3.86885580510423,-0.203834116559137
5.30556536158867,-5.01409286311361,0.420443772947241
3.11405245314677,-1.67703902463826,0.0713020933451329
2.08987193525235,1.26737885661823,0.432754686089864
3.06055260741009,-1.63058989232202,0.000145044247772175
3.71559335719271,10.1976145689212,0.336186040960506
1.64175973903643,-1.58933588216861,0.113058709160155
-0.391692302016775,10.1950054446681,0.598946684869112
1.6440809896374,-1.63591530308135,0.0808451376153683
-5.06258962450229,-0.896210539174049,0.162650097588041
1.55143013073524,-1.15748547018035,0.357191911725178
2.0027485595518,1.02288681058796,0.283382369230006
0.808191468435602,-0.91776308527646,-0.00564576112210013
-0.798346472593909,5.30062596071648,0.0370323250560176
3.24490818604885,3.10384120104969,-0.0503734649325552
1.18515252077579,7.22840106844555,0.135576623318824
1.21156406486306,7.25897560602781,0.0319693745246665
-5.25570440312201,-1.17321475717388,0.05916552093878
-0.772689286295421,5.20478791319977,0.0268967449038049
1.29787408446319,-0.419316120438946,0.198910578683875
-5.40094694823162,-1.18107982001616,0.0255020732866411
-0.731316488686488,5.25047755437967,0.044042486508445
-5.35240426548424,-1.16667579397934,0.109447195256911
-6.28291277784601,-4.15728793017738,0.221743065350532
-6.23785480217256,-4.17125612574376,0.0438478031233276
2.04256523756686,1.22209621570316,0.394132922218586
1.24299605021886,9.06670689395924,0.00617864328793494
2.06794436674998,1.35807523985688,0.391568082385441
0.881616756671683,-0.705093221776826,-0.0824104521514369
0.965091454359222,-0.619165383676149,0.0250788304220189
1.3109137217977,9.13858530370129,-0.219407144351185
-4.86355442781068,-1.36111829826662,0.287098215568715
-5.07670339037588,-1.04714037174459,0.301998957949438
-5.06303463557138,-1.00532678887179,0.298912128791813
-5.01551260992609,-1.00745734538895,0.117134708564154
1.21183027701861,7.06466154059719,0.250150495714841
1.09788422711188,-0.775547442153378,-0.0126896256086326
1.1514296776296,7.17114345961957,0.190377352326826
1.85886672030654,3.33124731162149,0.672535355413595
1.07535734078053,7.36596266763711,0.240318927563429
-1.47278751568471,6.85746475173907,0.690455091691432
-6.04070158974606,-3.95498429885981,0.201108983126436
-5.82641439204656,-4.19036610423903,0.312671645562273
0.288870527655622,8.2224186736419,0.144777903609271
-5.56005697892938,-4.37392478457256,0.207951882555294
5.0682625199578,2.81207416616024,0.453811948780982
-5.96425289029222,-4.25661479209493,0.275998068486216
-6.11237133610663,-4.14549802652966,0.25340398232519
-5.10164453144428,-1.11381868330801,0.234863569103386
-6.1350014705748,-4.1686182108879,0.482807908412666
-5.12269815693621,-2.19364893562896,0.0461246908673816
2.26190947224095,1.23927354371,0.175907583420009
-5.47864035961773,-1.72571720735476,0.0423792721172123
0.332273669781358,8.23709183548774,0.203911676643814
-4.70120877363168,-1.29150047110483,0.17495265334739
-3.55785075214306,2.54152604513433,0.474200274382814
-0.73441433103142,0.264947577668243,-0.259397475941869
-1.47100338282042,-2.55135451647362,-0.232195575640595
-1.3807750546955,-2.60892615368477,-0.00926829315945832
-2.57099434410467,-4.65614039824177,0.00600005961153816
3.84141425406734,-1.85634743985054,-0.187959889794529
8.96227940980226,3.03401218711825,0.323701332034108
9.21602327889326,3.43714159803355,0.482500030646002
-1.29435480424637,-2.40642311535816,0.0617976553502841
-1.42161494389255,-2.40973536168955,-0.0733310277177827
-0.840812890547134,0.0667103747582178,-0.135987909971194
1.70780162885988,-1.64424784873767,0.136210880773891
-3.89071906767852,2.23769666873173,0.174541771503725
-3.64461219741166,2.11581509463837,0.294493022191672
1.27605082345574,7.03448062319129,0.13460350662141
-0.700799335316351,5.38708406524093,-0.0391551695143453
0.28904751740124,8.16990111255042,-0.0392104942774687
-1.96970422520888,4.37719394185534,-0.0422313389397516
-6.28558041553027,-3.73374496610116,-0.117226739478165
-0.741150951054674,-0.467144676429026,0.0349800630964978
-0.777336390691136,0.511087894351098,-0.11323380203268
3.32959568789318,-1.60769864225127,0.0684484139947357
-1.3496487933385,-2.32173231538459,-0.0410001735064978
1.47991991340098,8.48549265292068,0.593381561388693
-4.88870714956581,-3.29726312015761,0.548991303294925
3.19973368544191,-0.357248978676912,-0.0578899244412705
2.02122686879066,-1.60478127767319,-0.144933975529286
-0.789746629572118,-0.541437682145212,-0.141753900584304
-0.386409886892558,-0.401127803610825,0.325861359656563
-5.14927256927495,-3.12925604373593,0.306925312763386
0.825224867234034,-0.884393125824149,-0.105664226607938
2.17946819438794,1.20885268633258,0.351665966196559
-1.9976880421184,4.23432477200006,-0.0190108260990755
0.748932939127918,-0.924912704544367,-0.0773157006556733
1.27523267853903,7.18793747243895,0.519529888412021
1.31682881814847,9.01210712462957,0.242453713041729
1.26585640136865,7.37423925179383,0.345299056771385
-4.53489790672198,-1.10924326906348,0.324796249837414
-4.57773134666436,-1.00296147914421,0.423441233873693
-5.84897741924359,-3.43750704356191,0.212670176256099
2.17000436833842,1.1461539036687,0.400937558799482
1.58740751345846,3.82479869314365,0.540096431643643
1.72681028086254,1.23617517310555,0.12087708823952
2.05978909457435,1.52351244761633,0.396935491195785
-0.597795523877664,4.82986821321936,0.419925989746456
4.03817239544386,10.1661339655993,-0.131463973782584
-5.59913645544309,-3.52862296879965,0.0539577812433696
-4.52871839753268,-1.18011256066715,0.00530836844837368
-4.63208177201605,-1.07737171971373,-0.897512892011787
-4.84582389359973,-0.713670889621904,0.35313404014007
-5.88532146748652,-2.18517945738806,-0.982324984582294
-4.60210076646221,-1.29490832785109,-0.83702369333219
2.17210714871482,-2.24507021591671,-0.0387350717335906
1.18578706234155,-0.460531390166475,0.133450033370267
-0.643844061991455,4.94212099351103,0.318630104886857
1.84170170567291,1.24453714344868,-0.0260324597891358
-5.14085090564902,-1.0071375626967,0.336437089246749
1.86192840045517,0.865682019970638,0.00310360869068504
5.62481983492421,5.08368771161785,-0.611252554586197
1.49318480821447,6.36762685549282,0.243583439149957
1.9414663493818,-1.66046870852571,-0.0331493525859108
-4.75653665740593,0.5545089777727,-0.233021304940561
-5.36854811633291,7.70936749401996,0.0344572597148038
-2.03666902918332,3.46915543095013,0.454323175377132
1.61408519434472,-1.5554018953972,0.118450199957266
-1.67710064080909,3.16664885730452,0.831204552804785
1.75812347020675,-1.53835675513831,-0.165272860425466
-6.22606868482339,-0.72756570175625,0.35115613141468
1.80436663996563,1.26319726533304,-0.180611998116569
2.05438660346335,4.85331526750564,0.475409517468204
2.13231573500488,0.708726434497956,0.510550828102721
1.59843787262496,9.18643435513928,-0.0543828612141088
1.60479604642721,3.41045478049087,0.393091735589281
1.70189935084766,1.16395696242082,0.201784217128995
1.82153688727348,3.00017925468131,0.508731058245527
1.7070733384574,3.07258276820107,0.393932969169757
1.75493782870954,0.885278793149695,0.0963077086529067
-0.793610038133231,5.49782677932593,0.0181197646175557
-0.67600480372899,5.54264928408109,-0.0563287404553723
1.69841850641328,5.09201267992407,0.172230606800266
1.90515326778999,1.05478888860031,0.125798959176847
-2.05728354161179,3.71896808634259,0.524777067498198
4.08355133274204,-1.59349258072515,0.0732589857850034
-2.42163634890517,4.13537617150335,-0.229200299957349
5.01425590423741,4.90077454975068,-0.224050185173515
5.03477555621879,4.62847475642282,-0.441399419592388
1.65734579228297,-1.55669525040107,-0.113787971182053
3.64778107596517,-1.86063455575355,-1.24966743244189
-3.55446566030421,3.35838200264033,-0.290740465313745
-0.669703051865927,4.95491059355719,0.574722900067517
0.187417596322938,-0.805184842114613,0.743646664977287
-4.67207575909272,-1.09832074643879,0.393157617756517
0.492901497586093,7.66075249160139,0.414798511503162
0.116850913700414,-0.682874467508151,0.616541346957586
-1.02593204635207,-2.09260295116839,0.161733120818221
3.38105742523297,-1.72368718020633,-0.144400609184941
3.5379632052987,-1.64258357408784,-0.0365695371596039
-2.4587324294834,-4.67798733570548,-0.478181374257815
0.00857238655502712,-0.0795000123215566,0.501397364840801
3.86494653675157,-1.74624430557453,-0.0970459730407602
-2.58723703584594,-4.72466396037079,-0.183498374925012
-2.4353415163627,-4.8078809181898,-0.111541040206164
-1.05960399292509,-2.35391705506874,0.043468355475246
-0.921011858154035,-2.65316731127176,0.0806311132152611
-1.13283154472814,-2.75036551185313,-0.123482013832771
3.91241356997193,-1.68043696504132,-0.0716791481517127
-1.3069485293148,-2.45201908337874,-0.190756006811441
-1.30447052820367,-2.41978649551418,-0.416445115701703
-1.36302166499526,-2.47223865290257,-0.0307216334832601
-2.46292753532468,-4.63687305377951,-0.224322177273387
4.10714564150944,-1.92853213790156,-0.23745983792087
-1.30967430229957,-2.53600705911015,-0.0667878384356158
-1.3342029760854,-2.60744651068061,-0.167936227805273
4.02893122031351,-1.63614719408542,-0.00244820908346899
-0.628166878213907,-0.127288459970311,-0.267646760316828
-1.48786628407749,-2.97009555724181,-0.0979296704173604
-5.7582106108439,7.47009409791743,-0.12177080548582
-0.691657945273242,-0.082904456253182,-0.273578271845147
-0.808252399372122,-0.174440493658034,-0.219331044396056
-0.654877047863025,0.470213468365028,-0.209066065045066
3.44407346801722,9.79821966982551,-0.141084549898451
3.06802247709436,10.0697090208682,-0.0665720420402903
-2.42375792850572,-4.82568751261864,-0.324732864141073
2.79494264773573,10.2920872659363,-0.20010008637228
2.88758272240888,10.0908197433613,0.00757352251105869
-2.41900219572242,-4.85245658194756,-0.151048662843311
-2.28773640931444,-4.89967844271911,0.0566751105527372
-5.44989143697232,7.051152733483,0.0128346240729711
-0.67196283352849,0.486177275165684,0.0697183937380261
-0.650289630469221,0.244092165931223,-0.282153529706948
-0.827345790578949,0.102271962207769,-0.260346591921833
-6.18975194363508,8.22648733371466,-0.162625655456906
-0.684506838867552,0.0780273957755071,-0.165715724327207
-6.27476271156841,7.77626728698811,0.0434609733005877
-6.32195198814452,7.84585905127694,0.0056710502931856
-2.29255798579385,-4.57999351270169,0.0350023723951625
-1.48148816279163,-2.70139310402705,-0.08959574732485
-1.36059761149873,-2.6429569520208,-0.123407777047647
3.20187034341781,-1.59467333129906,0.0912216376544899
-0.04802955161027,1.73653116703413,0.0803479672706768
0.509264559330077,8.34090935688981,-0.104198004837825
0.216252118203435,6.01368051496725,-0.133315405284794
2.12655404668402,0.871417170592929,0.379152412936365
2.30736144710055,0.775120126476621,0.287074441135568
2.15437674372825,0.947066321695981,0.364083017311428
0.385068685540229,8.36436040214858,-0.295814793191712
-5.25442866818338,2.11414712067339,0.0690313005297607
1.26944202746478,-0.844579084550636,-0.0308809262766273
2.01828069248758,1.35767138076818,0.14414116570156
-0.258665764123634,4.8590573873995,0.00908764273060103
-0.0938569045007824,4.52891998458118,0.52435362708386
1.47667245832889,7.2056067093939,0.233340706332251
1.25500729088661,-0.459451024971882,0.0139487761359722
2.50568129837103,1.33429711308552,0.443798231057562
-0.284915753507864,4.64432835644154,0.404984057253933
-0.449861649989149,4.87732489274138,0.321929538119877
1.30713704256621,-0.603712203034746,-0.16426821285884
1.80929767878224,1.41357733211743,0.153901714144398
-0.644918046314572,4.82228870532053,0.207923758265696
1.20976424628429,-0.458069473622754,-0.0768225751830902
2.31984808194567,1.3392700499316,0.386238181238859
2.48682207142768,1.29709231321488,0.423096826590298
1.15437524847395,-0.897347952656391,0.00722396777361922
2.13222499548593,-1.69420765169111,-0.164789866006451
1.3628477368499,7.08922504162225,-0.353219939919779
2.18757360141541,-1.58649546470562,-0.632260668728374
0.227795237292224,1.96154750487232,-0.00790575273944394
1.64233939493903,6.82305075659709,-0.294427207221381
1.95247641240438,1.56924452061494,-0.0282620738727246
0.435072507474182,7.43644519200992,1.14928794503223
0.30684418653161,8.43431400352129,-0.0354358518090131
-2.15235734269264,4.15515953804242,0.195878613553047
1.96379468117579,-1.59171722549135,-0.811154794072976
2.03807891269349,-1.56273912001432,-0.77125415554071
-4.18074510306133,2.06635504227251,-0.240310170261886
3.18249185891822,-1.94916648771265,-0.837423178744917
-1.37343742414008,-2.89199828788835,-0.0472600775158593
1.18745949069656,-0.778735139053634,0.226212468767106
-3.2967242538135,2.67912825307019,0.197630414664964
3.18340718414539,-1.80673885081047,-0.315321017804946
-5.42865178040509,-4.2205715766565,-0.350948784212569
-1.3709895333712,4.77910826433028,0.561414162108335
-1.42543134157914,4.85314657480968,0.437512811909493
-5.36453196575579,-4.42098191225308,0.185309920846206
-4.48980405426675,1.04541843497458,-0.0443851985128099
-0.52606714236769,5.3597255538793,0.020476411262113
1.34974216089624,-0.502058718313252,0.188370153215115
-5.8624452163467,-4.51667670272215,0.155334194560659
-6.0944537254238,7.04229413056349,-0.269946103255905
-5.03158487290285,4.20847362538429,-0.0266064974133614
-1.34724102400543,-2.70486568578849,-0.161306503485403
-0.696509803873678,-0.256155446556361,-0.108762237425071
-1.52999657609213,-3.30025976229803,-0.263506507705402
-0.616855330810342,-0.308644905506705,-0.254284014603842
-1.14515787430204,-3.11305926675693,-0.0209388677474858
-1.55987486626527,-3.49144335019309,-0.149117321914436
-1.46635908976975,-2.95415139869133,-0.149026665070751
-1.47277761014676,-3.00232308958341,-0.1033573162382
-1.55905287001752,-3.24033344125166,-0.054359812874503
-1.70652154155163,-3.66596357656372,-0.23544827883666
-1.73155100166436,-3.71623908947612,-0.208327471326297
-1.29147786142098,-3.11045397760787,0.0414891425948158
3.70725469450128,-1.66266229221338,0.101308367195106
-1.36481397394164,-5.27096542293253,0.260744935854898
4.2300222765746,-1.95296256859378,0.0120460048719671
-1.21961182551111,-2.57929964103214,-0.465350038054384
0.0880271172316505,0.011529168531883,0.132428688179796
4.31909379756997,-1.5638528196166,-0.345141412964713
4.42009078713523,-1.55466168096897,-0.135617294940649
4.39967485769426,-1.47608717072756,-0.0319963761914717
0.0824847404743281,-0.0657446785495654,0.128688976674304
-2.28778167882459,-4.92937871196842,-0.322588715529988
-2.15908066870427,-4.58456069729447,-0.371014676824013
-2.20919889229834,-4.60476303545552,-0.397163439093951
0.612110499552781,7.71408196615169,-0.248989190957159
0.564787404567852,7.82683956289477,-0.531975683720968
8.24493304186078,-1.0408364028395,-0.74403086132726
9.63631205820071,1.25125202776132,-0.496547174420254
-1.13252156237562,-2.38495042979644,-0.312284176185218
-1.0812096086802,-2.43059851363949,-0.248362040223741
-0.30607522842087,-0.744024513190691,-0.0722603942700096
-0.30371683781075,0.0379845114401665,-0.268168517498195
-0.80412853030958,-0.45307586158456,-0.339499395996431
-1.34975356204995,-3.28819617600707,-0.171431263584781
-1.40155417134301,-3.31120098271966,-0.382039460677191
-1.28600385392666,-3.33407923144287,-0.170006746605362
-1.1507766106841,-1.61165753801258,-0.285369317763253
-1.30573711151555,-3.28601201379375,-0.19969610519917
-4.92752498523189,7.520105938093,-0.352440806693185
-5.89020390680374,7.21399306250358,-0.402187008024193
7.41295281607563,9.74598185444784,0.30768609616122
7.35471998278931,9.78442369460245,0.397597690911937
4.96533672667767,8.75754942384411,-0.175274893883715
0.126752317339918,-0.154998870814282,0.107494222613385
4.48121173909982,4.0228878365976,-0.730888664478355
7.54804726239278,2.00402965838965,-0.235908990831349
0.233593505821599,0.5742171714989,0.122492105123962
-0.794811691370811,-0.199521854233707,-0.344159261004897
-0.713281644515465,-0.225462212429443,-0.076696064726681
-0.5730147647885,0.238739416213358,-0.385419569121273
-0.441882713316815,0.404652663098618,-0.0298538869405172
-1.1781905419947,-2.8518438696494,-0.136142098699878
0.189442890754886,0.0480114271613683,0.0492167831510588
-4.54313085822534,0.0555977939760712,0.0616518704628186
1.19596660323901,8.25168136642988,-0.249016569472994
1.78247511892465,-0.676167688994129,0.319519412660228
-5.50388216435741,-3.24355139894699,0.171969355561388
3.73815002503452,-2.14609655661898,-0.247249987842735
1.51702973107447,7.10682589485223,-0.111226043496903
3.52318452047856,-1.6855252400573,0.0345890416404935
-0.134346443463553,11.3128312771606,-0.137493815144255
0.411380145202841,10.6972798406827,-0.438473107210588
-0.218632025241043,-0.825943425071589,0.367084246840137
1.82134120213108,-1.54223814023557,0.183660341623886
-1.22352732414904,-2.5826907210372,-0.0094817767503228
-0.858540889460379,-2.70546159410045,0.300006724906672
1.81636097563447,-1.69585043043968,0.152713442089008
-1.10228970778055,-2.86838110426714,0.00254115513712128
2.26275498493616,-1.98679801168426,-0.459881702615026
2.242794849214,-1.71850800234158,-0.291564043720571
-5.48800323783506,-2.81867351341722,-0.0333580628612836
2.32783176275735,-1.70864018312128,-0.0374781546883511
-5.62618367704837,-2.67478424469742,-0.0702179601985427
1.63090866872696,-0.58352483703209,0.275869753275131
-5.37856484025645,-2.77406173348102,-0.143298415056532
2.20537957478592,1.26981848792916,0.169910723377438
-0.0271305724333466,4.52622812753918,0.443389683111673
3.58317932703882,-2.14242357725877,-0.35595165853995
1.41744348521252,-0.883023150926915,-0.151613165491047
-5.56847381708346,-3.42505802035569,0.0028990779989142
-5.60169177614285,-3.23872321900757,0.0775566155653469
-0.735182677595528,5.42246237886556,-0.259149024665803
1.70087624595799,9.02304206904003,-0.63360049194441
2.04601861164364,4.95669515789767,-0.00940658014367668
2.25908358552384,1.30427297204031,-0.146399633393673
1.47388417561483,-0.798507630365803,-0.127007229785435
-2.63986737247603,5.42608210315277,-0.383917332759285
-1.80550165579993,3.17376408346492,-0.0172291601502735
-0.326420662514625,5.2433924152609,0.0829224467312579
2.38882652590776,1.38191055274493,0.249786165727494
-5.49580777793689,-2.85868774727576,-0.0904849824926734
-5.57930644296388,-2.5849425324658,-0.245818671018992
-5.44021272415067,-2.76003482509521,-0.125277992889975
-5.39043720349047,-2.80908712117486,0.00913802607203951
0.516212560406679,8.40927420366439,-0.0464832135933725
-1.12438906562584,7.40390192264525,-0.172207632650511
2.53152865551145,1.42903206103055,0.359284213041203
-5.52921896826554,-2.77415562557492,-0.228877575514658
-5.00435889782286,-4.80776137142256,-0.0784942238266929
-5.60253255587591,-3.86182413804685,-0.0950908053422985
-5.26622674638914,-3.2735962360699,0.23000352503278
2.64087215361223,1.34519540305634,0.269860693384847
-3.01610363434274,4.04188203580116,-0.261769252978094
-4.68999138743856,-0.550407036400795,-0.0198305309484516
1.46573759658988,-0.527840975038648,0.0729453390472798
1.41113391587781,8.57472793684729,-0.105775105993687
0.99720664694615,-0.980749698119388,-0.07723164678326
3.36818469318522,4.08508497494084,0.32653735226936
1.42161406161098,-0.443261676716993,0.109845007646707
1.50860233425664,-0.484448644077911,0.0631047003525445
3.80595593681981,-2.20969773425605,-0.330577435438064
2.06023693856758,1.07108672023054,0.163580555357959
2.0275264899176,0.901901656483467,0.0337568484337298
1.39263469205178,-0.722291467448578,-0.112954958696619
-0.261746296769136,4.54493781905548,0.318802252550628
-0.580533926510256,4.91627959116539,-0.019757857373065
-0.673062351206205,5.02709431736195,-0.0826122364395637
0.505883295184802,8.15247764508839,-0.232995588127529
2.15376891350913,-1.62564705805969,0.252134301381365
-4.89063734704182,-0.320940986885756,-0.189134124523211
-4.78413336184921,-0.249767386766591,-0.0484903109887794
1.11542150704581,-0.945292001036782,-0.00529672894983246
1.08241085120457,-0.930754841733231,-0.401402790909349
-0.790672151893453,2.53221850019826,0.395247937610554
1.9378495613488,-1.85974054294175,-0.526670168702825
-5.63256478598813,1.60615882858842,-0.316395999995457
2.17294680530835,1.5365005229842,-0.288585380162751
2.1863822037901,1.59333502869593,0.106524814494754
-5.5720763503256,-2.85900209835171,-0.207892515321126
1.388181360067,7.07493585058151,0.0364926443127169
1.7991105346689,-1.8555964196776,-0.266334104976748
1.37693611988214,-0.787992093006599,-0.23319771679025
2.29651568460456,1.01939610122813,0.114950042596958
1.82667377864594,-1.75858078851095,-0.106873318024637
1.71708098328863,-1.84775395035514,-0.491230464590366
1.97576604720238,-1.7502995924401,-0.117896997414033
1.16191833214543,-0.949805083282371,-0.0920397866801677
2.34817429759945,1.23348682560842,0.38599069369365
2.38337457542807,1.24544629208924,0.298191923870654
6.03153812313585,-5.53351173863745,0.210553911042486
-0.378649667689899,5.51677678581594,-0.433448587153875
2.09272781091636,1.53398360825485,0.253227229690755
2.26683593328556,1.27367779577936,0.00697996194583328
-0.711605404594263,5.36268345047799,-0.17806483475002
-0.29060913005792,5.17722302352738,0.100370004953981
4.56009813328425,-3.51043853527202,0.0568610182432634
-0.738492685243347,0.017412366033394,-0.207054423517309
0.0734562446135705,4.9269772764759,0.28938085838234
-1.49932444257869,3.58738294297288,0.343198947901469
-1.65718332733892,3.45118570496974,0.159024002937983
-0.867463311570283,-1.0204601969812,0.0100025920749216
-0.493391841649252,0.0188329743169771,-0.0991798413423685
-0.176995991443562,5.20060389949887,-0.069584215371042
-1.02893436513187,-2.39798413962482,-0.171776065360386
-0.951394942434007,-2.3585211880812,-0.140467675300074
1.90383500343596,-2.13381317793609,-0.339584198203204
-3.63402385380704,1.22264267700663,-0.161924579794885
1.58762221831705,8.77454461009837,0.246994534041569
1.47781613037859,8.92130696403983,0.0414824366909492
-0.37650076053286,0.281388929894492,-0.634907725685257
0.130162825644209,-0.526091314336462,0.15462902540498
-3.36567001430317,-2.59857534930854,0.348413409326925
0.0723257877905574,-0.0398540970401662,-0.0582310313534643
-0.929773738293775,-3.4917625625007,-0.199294710541883
-0.660926611339374,-2.365727929804,-0.0651569232396932
-0.743565809265441,-2.2512610087444,-0.188193005584442
-1.13695480120184,-2.1935326095921,-0.270340028609938
-1.08457456014871,-4.87004120782423,0.0972189891354134
-0.88398946740368,-2.71057548902544,-0.0948075892448423
-1.98454204987809,-4.56316046088302,-0.481164390577087
-1.01859211595191,-3.14301826306477,-0.272556743199506
-0.941329644242774,-3.27462375755479,-0.197553974673067
-0.825629549196051,-3.34179645226672,-0.135983090330787
-0.712963536325219,-2.4475477351881,-0.247321880959872
4.74991853606207,-1.40238454422848,-0.226132686770251
4.80821303960627,-1.44576766007122,-0.0789110054973319
-0.560739019157918,0.482696618148232,-0.621280344794905
-1.87610205622919,-6.84127968700779,-0.192614652733464
-0.440730917515861,-2.98335447404858,-0.0860456163280316
0.0464879510363048,-0.358206367231521,-0.0615530326315832
-1.06240981488178,-3.02157419218741,-0.296725490907009
0.932874078308711,7.5268746443635,0.134145484978129
-1.54847437654329,-5.98104130069025,-0.0708361135402036
-1.503671119931,-5.9959820327931,0.0620966558537508
2.1477891851449,-1.67849794028496,0.331816540350501
-0.423354550295308,4.97988414101553,0.181942106540912
1.48560205160239,-0.92651483318925,0.103660361826628
-5.31020544723408,-2.97449202845478,0.0303063339839029
2.50076005182095,1.45093846716788,0.368153863803442
-5.33655100515525,-2.97491921926939,0.148985679812664
-5.49925137405371,-2.83504725581116,-0.0584296767047132
2.31547458492695,1.22769201119872,-0.399803437257804
-1.12216036780946,-2.90383627837853,0.0258386819807606
-1.18595995060114,-2.76630081623131,-0.511458536107342
-2.25018549321503,-6.55299816547924,-0.349468522794165
-0.886870325646782,-2.88234143681814,0.0113849212810211
-1.25087065489137,-2.98464044467865,-0.163422027776522
-0.864527145195758,-3.07043989764984,0.184585371505909
-1.20262271546438,-3.04762862043349,-0.266673158154635
-1.43207934620215,-3.02915851284196,-0.305110406486893
-1.3286470739969,-3.06167997043313,-0.237543068501488
-2.84011781335392,1.14823916478955,0.297896724090853
-1.10887350236752,-3.00670674845,-0.132062368450896
-1.93250004252958,-6.38656297540984,0.202038959782483
-1.28043887668805,-3.00612541343616,-0.086367468112245
-1.17890728976963,-2.9606683523512,-0.22222534716581
4.24576281391372,-1.5867751875803,-0.0148320770691137
4.25769266607059,-1.56215900200636,0.0575212712194453
-1.26340715612519,-3.55021010672467,-0.0942908014619593
4.27176385299592,-1.57525772920433,-0.127662926637413
-1.97943449106655,-4.72002823029867,-0.346579630890168
-1.18440110097973,-3.33916902411734,-0.0112872422501418
4.22632325642486,-1.49098663207386,0.0227035153231656
0.232661017909301,-0.687077968732792,0.3416520660865
-1.26589585279012,-3.28396016509672,-0.197272621543335
-1.19252907463113,-3.31011902792536,-0.179012268482683
-5.64040675911284,7.77367133982727,-0.248509131725906
-5.57833468758692,7.95691921598123,-0.368382357741757
-0.0283107106508744,-0.477227447076155,0.188860061869129
-1.39475493866179,-5.06516384756773,0.0623449044749378
-1.86300408217721,-6.212152353597,-0.247949434955682
-1.10395480340465,-6.33960364366289,0.0956208236038065
0.13269687169133,0.0455654674579762,0.220847567379983
-0.413390927349067,-0.385492108670309,-0.0194687069012706
6.61527027681374,-1.57614522065362,0.00666443901006208
6.54917363374544,-1.67631667803958,-0.0947507998278142
6.22607205853484,-1.76885158017395,-0.176084950906384
5.91379788754633,-1.66011779510287,-0.219639515546634
-0.330561780378247,-0.201165956311684,-0.134302446615764
6.41033177219375,-1.44840414137199,-0.121942171134561
-4.51198016683659,7.12302582353941,-0.15214237359134
0.0114605646401138,0.278436050732068,-0.581537866805664
5.48158794974526,1.1340452512048,-0.258189642179722
-2.02944866752439,-5.00481512658509,-0.0882666785992335
-0.760253192876082,-0.848878661622773,-0.115693532826691
-0.842618773072203,-0.82100821231826,-0.19282259261351
-0.285746273614432,0.0608711985357093,-0.220633212446216
-0.699044884182047,-0.364214319514168,-0.24168861118368
-1.00712197570568,-2.13810189297962,-0.11619726590429
-1.02776762607466,-2.09913432831288,-0.21042794427995
0.372239086186884,-0.0392555206903769,0.329244425903543
-0.357608040647609,0.431161021353526,-0.462293174314821
-0.455898363888366,0.382983353003498,-0.41074143316284
2.10897515438396,1.04549324261772,0.155956950259352
-1.94756114303316,4.44433709570949,-0.435658414151744
2.15590297533739,1.40163917000927,0.0433022607448585
-0.437816063687023,5.24442415073224,0.372568427813868
1.36297580350021,-0.887318528909072,0.340637716154094
-1.99972257310804,4.48052214408532,-0.357114750231265
1.44305150813672,3.32690669566585,-0.379355588278713
2.58355824689549,0.815875975245699,0.458115047228592
2.10696271311566,1.36629557768218,0.294469400972808
-5.58984501905541,2.00120483998314,0.033971656107409
-0.604144463480448,5.33030481401125,0.174429352361464
2.6991982871357,1.04327008644022,0.678779549300426
2.12292804280888,0.906484841406904,0.325864094361554
2.2844645301887,1.10177078484674,0.199806130016687
2.07362795799446,5.07630999734812,0.202773618067317
-4.64189677398618,-0.489791559491314,0.422054078618752
-0.688261003748586,5.22680941675874,-0.017778942140551
1.55572385104441,8.82227475623206,-0.105330893465736
-5.35415247073133,4.55968591763862,-0.177631595079952
-0.471345278521515,0.207768699474247,-0.277140476404831
-2.13893187713999,-6.77877282662106,-0.268975918972349
-1.29403133468263,-3.67655611255844,-0.255968017191064
-1.85925214250167,-4.75593435554717,-0.346228548910362
-3.15585126239167,6.76448188119576,0.222360817453898
-3.34570897679788,7.27655533690257,-0.0078242349537585
0.0948093312084666,-0.671086395185796,0.270281963373301
-0.961085382675172,-2.93843284144511,-0.319927005982497
-0.939106398612804,-3.15619878606787,-0.277169173423748
-1.11545162981461,-3.06465802577119,-0.222042563263803
-1.08696067694363,-5.74383166376115,0.219203354758406
-5.3408049510689,6.78082087085386,-0.101345838174791
-0.990211360392788,-2.22388515584385,-0.205911615772981
-3.77498750251689,-2.87892897729511,0.360435679471191
-0.905479170629096,-2.23955096978481,-0.0206728145325572
-2.99348547858558,5.06138676091351,-0.562021235289353
-1.80086333786943,-5.91796403911942,-0.210323790306043
-4.8390977205343,-2.54061994105698,0.0633234165587067
2.21939098075488,1.44702515138696,0.4709321139704
1.3789749880822,-0.955469306921609,-0.412331353180977
2.29979904151554,1.25864359639181,0.290064933139697
1.55671746104942,9.47303611477586,0.499473839463046
1.48604966506857,9.8378935052279,0.344067875204477
1.60322221600685,-0.624799670711303,-0.0974908261602508
1.51063773151488,9.25299691257068,0.315774661426043
1.56535920899777,9.21080153515746,0.298945878945767
1.49566970228147,9.07421874908763,0.22450586862589
1.76055454367118,8.56376367192445,0.597412258968385
1.73583189473969,9.01321354873323,0.128546450737806
2.01435557715747,2.13237945361259,0.462273888730277
1.34346578552447,-1.09380008116263,0.321108241117974
1.34028716953033,-1.06242714351633,0.293156807278228
1.34968295900269,-0.930116584304383,0.290498502239497
-5.27276832052077,-2.96173710737887,0.29635783475857
2.18123457058939,5.4043367659339,-0.139682772767927
-1.83740963855132,4.61173178357829,-0.160374475905905
-0.695308596759805,5.51012312249859,-0.0192613308288421
2.20466629432539,2.83433361127698,0.686735392822205
1.51436925439453,-0.793380377280073,0.0785710245824109
2.35680746666519,2.79745116417316,0.841818035546674
1.42965481593442,-0.931089181507357,0.0412461486885904
1.47918327232792,-0.678788743454437,-0.0719543221297372
2.15225794251862,3.54639089685654,0.581522602708218
1.53362061796309,-0.9281179461072,0.109375118367048
1.72083255703954,-1.51944062383929,0.00487608933089079
1.80413070172798,-1.49471003696723,0.144570804901411
2.60028182783777,1.15458147406999,0.623042282630316
0.0488732725857624,4.89274333894476,0.190724425394835
1.71221844346113,-0.859287014626297,-0.0214603036991433
-2.28665447284571,-4.94310771097584,-0.33107485871197
-2.38254925955863,1.62568013787425,0.162292637543554
5.09391585749141,-0.987277563891196,-0.241322854226635
-1.06417059205545,-2.87964532876503,0.0216711769228373
-0.266505609356386,-0.113483457771681,-0.145120469934798
-4.81287075319287,6.0345694483783,-0.166005285746262
-0.199299247903831,-0.0998832031090338,-0.523097976585003
-1.3435962646331,-3.6060513553285,-0.146004806862925
6.45773337560348,-1.65600360872094,-0.136759762451095
7.24721409555824,-2.35821075202562,0.107217235854955
-1.38069089024141,-3.53432323523877,-0.215091968764939
-0.689973124243817,-2.54827660112027,0.0294664933074691
-0.90942324947569,-2.50576588095616,-0.108345369570885
-0.29406138943455,0.289401095985696,-0.465530519946755
-0.291184662678305,0.255452982598717,-0.427315083114655
6.45268958380953,-1.72694227081373,-0.209826672709288
4.0011396451347,-1.71016018932146,-0.0436692765466546
3.82187239431068,-1.66714890881331,0.191881296740867
0.247817162488445,-0.274259711703531,0.462835977086664
-0.955630343166149,-2.46703953570513,-0.0894613699754774
-2.15159036795863,-4.99804712544294,-0.178338460150084
2.40314201376552,-1.43257877109275,0.339719600810092
2.42442817669748,-1.41694205467429,0.292863817190964
-3.54096268359924,4.42123724572495,-0.210085151781172
-1.46943485089617,9.48719674395518,-0.459396789524189
-0.212593077879667,0.170673654698602,-0.126231612068921
2.60711587610777,-1.4739056373806,0.549983093414383
-0.790060038873929,-3.24941360571328,0.033974000523693
-1.2798737101675,-3.79248833385088,-0.125275882647982
8.5540161960075,-3.02411328940611,0.40245278487552
0.080587630597261,10.3108385737958,-0.07222629779801
9.92523491474518,-4.18487251790244,0.142886568343056
9.39248612397367,-4.74883319072934,-0.416265677744723
0.854068223196602,7.7406062859745,-0.00366461187908063
9.15065192407669,-4.2876759730691,-0.463645955037018
-1.83826241676498,-4.44481268968988,-0.745984940704134
5.86685777978095,-4.54233979125705,-0.272053800719975
2.75739601085187,-1.52915089534488,0.374271728016719
4.26693925925951,-1.97628114744363,-0.210704693316257
-1.05291429605412,-2.78452046648028,-0.128672625069495
0.267151218160667,-0.655974735621298,0.403932726209958
-0.821706457291626,-1.52879016491717,0.10436540610239
-0.600889089289559,-0.473767018263457,-0.172956844554098
0.975048214158793,-1.22005036576189,-0.114413178703395
-0.880783640908003,-1.95816138505244,-0.0711198916339845
-5.27713795003564,6.6134334507509,-0.33011510013604
-0.24159875211619,-0.024181169052266,-0.224460134286522
-1.25487779058365,-3.26640140282342,-0.176652215752732
2.17356452159754,-1.69079065379623,0.0430765443061158
-0.28396392405617,-0.181854249788795,-0.0235558532216504
-0.09810679507099,0.0214713372876059,-0.558354418662658
-0.515854139159792,-0.422229602550633,-0.661247962303072
0.105509983691316,0.130994614251744,0.0491246289319229
-4.61999148080751,6.7212694809168,-0.316098383867339
-4.32063216186976,7.48396915266623,-0.525097082488942
-4.6157239312226,6.83744123699156,-0.218119956495985
-1.12561366721418,-2.81103299085801,-0.330066833222146
-1.69570635299482,-5.08780843471073,-0.31801033422667
-1.71515337081221,-5.03908590500461,-0.174700632390109
-0.477593453152377,-0.475443949639319,-0.342700839890582
-4.9589772327287,7.21874637133478,-0.17769854447943
-1.71904824351547,-4.76256425465648,-0.181023624292103
-1.76857356009381,-4.69583801382521,-0.153087691706348
-1.7189470851072,-4.73544025699929,-0.352080871418928
-1.71298972573184,-4.64221378708914,-0.359521158046661
-1.63995556052479,-4.69063182139912,-0.119146977677584
2.29957259354643,-1.72427938124952,-0.279375137823853
-0.120703032418923,0.0912503741382871,0.0750729828813641
-1.85791781930875,-3.51272011745145,-0.569314386896156
8.02854795713449,-3.28255729618631,-0.577554570550291
6.72463641570785,5.84438755354352,-0.201320306067309
-3.44920695437726,5.00470270296305,-0.125714389177658
-0.939003190603252,-2.03527548768594,-0.766925766499785
-1.06906269638691,-2.05546056143604,-0.147774871819033
-1.00692621869539,-2.04497414992531,-0.315296288033798
-0.997779119269783,-2.06413701314804,-0.792079713421268
-0.326565088329534,-0.586402609152916,0.0522269400087509
-2.79277898392411,-5.59486665279513,-0.215491309953288
10.2027195303505,1.65962472477033,-0.590666871319449
9.78513468883616,3.17597759650747,-0.483920358866071
-0.763285189857708,-1.11457375179697,-0.611903695262896
-3.49587379776496,5.01467814370606,-0.56612032934186
1.78048445404673,0.268785160323304,-0.662876922441041
-0.127794671120469,0.259246515602205,-1.26380068933715
3.72247278361045,-1.42611822065963,-0.84495790164
-0.179338397389309,0.153636306291425,-1.15535706540493
-1.78745424326105,-4.88741396467755,-0.266539473650269
-0.550390360893541,-0.617164249406198,-1.06435090153364
-0.727172660441266,-2.15207192025193,-0.99431072113129
0.633645810604907,0.00514644240755047,0.114210263281661
0.311991976275284,0.1103957212298,-0.177575738492187
4.72755629361223,0.102738051095406,0.802956051816976
-1.92120376846394,-5.77797520425792,0.91660247290962
-1.95598071091553,-5.73684246873593,0.883575719130756
5.22432781446222,2.62885666137856,0.762474509044435
2.80642398471724,-5.1426551969805,0.0768789799825795
2.71798193955842,-6.46004250954988,0.384720689260231
2.81965207672622,-4.61425507536469,0.16326575355535
2.80238528217515,-4.97207436427956,-0.101178058496771
2.84148799732438,-4.71908314413844,0.106273281759057
2.87199973505372,-4.70881906145253,0.119034759862914
3.11795514139508,-4.67021930393154,-0.0296747077067155
3.34952280086651,-4.59602495470347,-0.446173810096329
2.97463886665154,-4.75422804037337,0.0391221152611088
-0.261235770535713,4.31435902321608,0.580250276780722
2.67588625295994,-4.95844288055774,-0.123096110824982
4.56429121430969,0.264041554048307,0.0837416296956717
-2.66250794558446,-2.53927602807006,0.531513748417882
4.25315800834796,-0.528112902855943,0.153106589855976
-4.66931751875766,-2.68729008726826,0.505627189781156
-3.41954551181601,9.07758873356408,0.00854998157800346
-2.66997710215715,-0.783528908632075,0.0231534622098384
4.75237895920855,-0.181099203870778,0.321386439682929
-2.38946376672142,-2.46351175901956,0.221211206874641
-2.46340211138351,-2.3979902352732,0.193306199211774
-2.48680460092074,-2.30513908362315,0.183677697761762
4.69294751423084,-0.303966354181435,0.314517032619415
4.58578822052617,-0.38890731900567,0.177367813524138
4.60596731790897,4.1436293494136,0.254619535281655
1.77806719305837,1.20552374742026,0.24503553031344
2.65813028975136,5.38631123016518,0.599111856971218
1.95709955439263,1.31729406764266,0.277933882692808
-5.05950453032494,-0.589496980892363,0.642554448989043
-5.05470138058092,-0.352734816830557,0.642912053471532
-5.97020674620192,-3.23356470411834,0.549481442143742
2.13952870728459,1.2640490528921,0.194999455340652
2.06217951925345,0.872174562100893,0.506965825247559
1.86991274460112,0.937734293668809,0.330287501494398
-5.94711130098674,-3.20082186857208,0.667715069613972
1.82452212391474,1.51476011054545,0.295845075188894
-2.26062730305713,-4.29381859749556,-0.0591415961495849
-2.11822101642432,-3.91777198632306,-0.064562349623617
-1.81070313944802,-3.91001441838772,-0.0653403158192709
8.41941872716928,-4.02772678325878,-0.220083273379858
8.4236688697794,-3.64790027355385,0.0098525940296077
-1.59962495828529,-2.99978260492532,-0.0151495666894592
-1.26342529555274,-2.86087832305156,-0.161137426124882
-1.19377899145945,-2.71130606256067,-0.303190528689479
-0.958550479736854,-2.65412362694917,-0.0308485933852322
-0.342822157630582,-0.185138520295423,-0.0899950157339168
1.41222513961638,-0.550546159915726,0.396774110559018
-0.875666031922911,0.230878564983557,-0.249737429433767
-5.23416709029627,-3.00486928433277,0.459136396263343
1.17250152153558,-0.643998629503431,0.0851578657573626
0.931841500247263,-0.724761050033239,0.12148760608782
-0.675958579833473,0.203598445275693,-0.083158924563692
1.0831651910059,-0.803034569894519,0.0693494501400902
0.946978736736991,-0.821494795852722,0.0538862061708605
-0.653015279254483,-0.00632511178007,-0.26226400132923
0.873964994684783,-0.858619165114197,-0.201333807123822
1.58333262694168,-1.68186760517933,0.0427416448093574
1.84355014962459,1.47694148981645,0.226015008268322
2.04778360119603,1.18320136528556,0.330156589463613
0.922787616440903,-0.91144978782471,-0.078114179662106
0.908848652437673,-0.740516160417824,0.0429841249768639
0.888976960397716,-0.802969659334344,-0.0301261439570816
2.22660718681578,1.46132033807425,0.466504694711695
1.89608060109925,1.23494549560288,0.266795807963491
1.25047849446881,-0.779945841082547,-0.00757141708310294
1.34400573553161,6.93671815443365,0.310989405757601
1.2754926166777,-0.698677369769436,0.3404757376801
-5.25256920787259,-0.832252368032172,0.0138119632647842
-4.90919998700158,-1.24687332585292,0.275645107131609
-0.558294563666344,5.1091996773446,0.167429841711177
1.36504103991675,7.1797443165263,0.439750223742654
1.19275539074491,7.16319903748251,0.0544296469951269
2.12868262207364,1.02245932885335,0.328058401223517
1.88568951555707,1.12182155188359,0.266395112071778
-4.86710666711328,-1.32990724283301,0.0961699491953385
-4.65556966638584,-1.28510010844675,0.58133872714224
-2.10533667057758,-4.79732446003429,-0.248305670945733
-2.4338317608642,-4.64088830710643,-0.295277763844318
-2.51434837550644,-4.73486312731124,-0.200244389039433
-2.50540427150251,-4.69892336248511,-0.0407804080358287
3.71615343492757,-1.65384795503797,0.090030387315476
-1.39659649262429,-2.51039349021277,-0.00798646574965534
1.37563040418434,-0.676470349083351,-0.0745614169826028
-6.29088159212177,-3.96729751889262,-0.0118912550676928
1.8141935428765,1.32925769184931,0.0425049499482288
-2.01351116739287,4.22812485578906,0.0354640734060707
-6.15383796450343,-4.02777642601182,-0.00850436176636182
1.27787703362918,-0.712909136873002,0.393103515446188
2.02859453232877,1.13841575789005,0.386565930716907
2.21411352398388,1.09745228625082,0.3152610200615
2.46482762944343,1.35381460318832,0.380499395859707
2.38811002072741,1.35876619495564,0.355142744841231
-0.720200037487825,0.129236307806554,-0.00853516946750243
-1.28006488856419,-2.3294825830505,-0.028053939500935
-1.21986664912204,-2.30824092279265,0.0930763941234609
-1.23394256563369,-2.37137912966898,-0.309990159445523
3.78217517508782,-1.72320495014457,-0.0764910867643487
3.41642299704128,-1.83247345195274,-0.104889680934728
1.12580510822801,-0.888054845167678,0.285174972302765
0.850439976170975,-0.902129707164255,-0.0625058211237898
1.88300030848717,1.16499903590076,0.208642537818787
2.15276059247393,1.30263536546798,0.225513442677962
1.20553700700469,8.32590357449077,-0.269087756816094
3.81913881553303,-1.90767955964276,-0.9515324708961
1.30950114458857,-0.536659057940717,0.0713767365695686
1.28888850071808,-0.485860291699479,0.27489827180011
1.80156521999393,0.966427280245865,0.12143095078681
-5.29019752275565,-0.655200292190061,0.0688830907595019
-5.29294116255812,-0.558954402720545,-0.286315149536341
-0.516526372218451,5.18994853682744,0.101808322278567
1.22548263207507,-0.603595115001093,-0.0918617217293802
-5.31991714683056,-0.681901685103586,-0.148510665108147
-4.97779550273148,-0.802309806776137,0.0341564449914347
2.29663649659441,-1.54619733578355,0.130005112729539
1.63353700607251,-1.67044049665179,0.0762061121444377
3.86045160358937,-1.7945622717761,0.00309793987641482
-0.277038630017763,-0.030940702395478,-0.0438132418459837
-1.28982568767432,-2.77713159708784,-0.142504490101096
1.1460256600605,-0.974073447291048,0.0907281248591085
1.50631995067859,9.21874395117167,-0.18721639545614
-2.25156140945443,4.24969718159714,0.00839705925089929
2.04099418114896,1.50606767253794,0.151703985756325
1.33511429480644,8.87471326424189,-0.422256838966108
1.34662668461662,8.82894946333797,-0.620865519727296
1.34832765107986,-0.687772703900052,-0.000596049473606364
-0.934000422102642,-2.33668581889133,-0.0635790110902675
-0.519030537591448,-0.0162611256753351,-0.0371132876748315
-1.27665200658472,-2.93400127069409,-0.173647274083184
-2.52674023154226,-4.68073248137279,-0.278590606167351
3.99964999855827,-1.88788021524982,-0.220480500313805
-1.06111882164511,-2.34678487620752,-0.0858132964282894
-1.00048185917029,-2.40865994231317,0.0954749117331364
-0.970224576052491,-2.45882288182951,-0.00390485848793687
-0.644928139626838,-0.18176448735249,-0.199854521694736
-0.664420869318402,-0.0980544757112138,-0.182036525094764
-0.310894058591185,-0.369157238356527,0.142072846771415
-2.37450710284735,-4.59902469645552,-0.417076680397652
-0.456782058286073,0.245010838161694,-0.333297340603888
-0.409898015584307,-0.159937297358713,-0.0454178709671825
-0.385553928066656,-0.0291027189518012,-0.44793894707256
-0.450691107518342,-0.0048597527493115,0.0408407420051424
-1.07356548662539,-2.56834129808714,-0.113256838412182
-0.476027332959305,-0.175359953719376,-0.0427335435726519
-1.44850242643779,-2.83684604053689,-0.026237191825203
-0.649400839352648,-0.281940441416015,-0.260492419772194
2.30092436492155,1.54423463396309,0.289654327716614
0.870127793997668,-1.02023988487478,-0.322746021397498
2.03313845436788,-1.63720605546052,0.189138032704776
1.39773618773251,-0.653693783858843,0.0231393811034173
0.422437365216648,8.28666141135453,-0.0553503619564284
0.451307433567877,8.37713930192937,-0.245760757495248
-4.69544821139124,-0.504389710832211,0.213852860457556
-0.381244262389661,4.69608951886232,0.244407007263675
2.08224600500013,1.16802309722304,0.207683302493856
-3.22960467900936,3.91163003143543,-0.13067858018434
2.44296074553568,1.29918409616552,0.310330584187775
2.16482422573626,-1.53749774448644,-0.725437177493091
2.27559114343223,1.20059528302825,-0.0083636715779738
1.37613773358481,-0.583405198345083,-0.0339863023906971
1.34167347446632,-0.771740503929101,-0.0358010714889739
-5.39991472238023,-3.02991859596493,-0.0866226983633287
-5.83629856308209,-4.10575039660667,0.0753813336760096
-0.617743038593115,5.33795516414571,0.0489000606883561
-0.4566843683169,0.312365467873363,-0.537260302994076
-1.02815463154373,-2.54173616452427,0.0103506243338971
-1.68276462689039,-3.74994823416651,-0.194632866829333
0.115980182934599,-0.138136255795844,0.130045417867048
-1.19465505231539,-2.64184030456888,-0.254318251738101
-0.997103239255175,-2.54589006744244,-0.214203892847255
-0.127157620395618,0.0525983829185428,-0.0294550510231053
-1.0267595358266,-2.53148318026581,-0.116830672629831
-0.466357149604026,-0.0719433021566722,-0.197604889085127
-1.10852373724068,-2.42651373131693,-0.149769917349277
-1.01681389354613,-2.48682309414666,-0.252301554859539
-1.19107170680845,-2.50194575319128,-0.316933121519397
-1.09732662330642,-2.38949807917587,-0.2881009514014
-1.92767002013239,-4.37647322014524,-0.238959377013988
-0.165762098129925,-0.195058691574902,0.0307771433044304
-1.34191843536639,-3.23224446995804,-0.138870617819886
-0.44664430545032,-0.0267187041530939,-0.327507484930915
-0.244769079915034,-0.272917657469645,0.00277745711298638
-0.691743450004143,0.0278458579385745,-0.452250742375851
-0.231811902646314,-0.551074290370074,0.0648024923860595
-0.471217374193138,-0.460897941418489,-0.0262915057249227
-0.395674150419598,-0.406321376378283,-0.179684670670471
-4.63251132681614,0.228545354192494,0.067804380707706
-5.50263591166355,-3.32350908729889,-0.0687951582439988
1.4681788276123,-0.814673635914353,-0.0247397134178824
1.04501044258175,-0.934674569071124,-0.100179833576252
-1.27508773111244,-2.53408631571862,-0.219155578762596
2.11650089004199,-1.61675006678177,-0.0812214651154216
1.43767952970914,-0.704988223982507,0.0325859822359942
1.07812854452514,-1.01320445210392,-0.0185383200164965
-5.385460654994,-3.06470096219378,0.00736985565650317
1.02913899142827,-1.04867843145535,-0.239405719770625
2.01217150995345,1.20409893765998,-0.124320857358489
2.24465934727317,1.15677926583409,0.0290983153456685
-0.292766949861758,5.02009665922493,0.327777022463315
-5.3204420873449,-2.97687920407362,0.0199625518953248
-5.29136295000595,-3.04260556609658,0.0228090719176319
2.10083308025161,1.31818580187048,0.0203062868112514
-5.37544461231335,-2.89826423900788,0.0378096441189468
1.44808228105331,-0.65598823275772,-0.0524074225077831
1.2971994155999,-0.548771903222384,0.0309373493076757
1.30261453651026,7.25475705813015,-0.00298685068036431
1.54958937602039,-0.555347516570622,0.221373007747691
2.0594551469795,0.961834937731021,0.0320196196725735
1.95335502440291,-1.80151671386213,-0.239896895290207
2.19671739991134,-1.5112644489273,0.230711381053422
1.43962847735165,7.10265366066509,0.0559829347895553
2.11812248642548,1.10128044183008,0.159859555128218
-0.227383403730943,0.0382773098561362,-0.0226243803996008
-1.02281880260535,-2.77532921332939,-0.172291527325286
0.0373582625515603,-0.14016161191577,0.0643939067688613
-1.62851770725758,-4.74454532105242,-0.134848048985829
-2.11831234955112,-4.58866308042298,-0.469379775319189
-1.09149930976028,-3.15028208566394,-0.201763137017815
-1.83650496767371,-4.64086635747267,-0.258061907426666
6.47650332494021,-1.43264652305744,-0.287022467724837
-0.409397792900268,0.152680518346033,-0.148150601377856
-0.301951878737487,-0.0477503117679188,-0.222075910993526
-1.0550203480285,-2.63666347904004,-0.412290431826384
0.0687137969310605,0.0564495800915257,0.0670229534678943
-1.67615041880837,-5.99480349922876,-0.115568939853641
-0.103211761248797,4.83225489476677,0.550304710338769
1.38188382830991,-0.976505408771311,0.314944464717536
-5.32310640633262,-3.03270023526006,0.16273279209275
1.29172857076382,-0.910848446175422,0.103446126381908
2.025888255957,1.03915484077438,0.196270687557717
-1.36053245939571,-3.06165814928761,-0.24116802853518
-0.170705361491375,0.0255484742848875,0.184822693064628
4.25854619192036,-1.62391578883818,-0.0213704509393908
-1.30359582747353,-3.5032547265345,-0.161061051148102
-1.29778764961653,-3.49006164142543,-0.263796856862307
4.23081855091626,-1.53553581574205,-0.1268426797213
4.25322262077677,-1.5041194754986,-0.0462476339231077
-0.229313966554678,-0.406827565106457,0.100543905844601
-1.32168665284316,-3.32222153286737,-0.177263988730667
-0.953809431669672,-2.20831520349561,-0.237867642033515
-1.20331896015989,-3.1427480117304,-0.121722574937609
-0.942902044088655,-1.98659396100808,-0.124989088129672
-0.170981510553645,-0.23284932857487,0.0861598138844011
-0.27872096942545,-0.308299827378818,-0.489687585420182
6.16227744454131,-1.58683856724281,-0.289302635925786
6.28943461207648,-1.55589211086933,-0.248015690334908
-0.214590313293197,-0.0423054251474255,-0.227475605824187
-0.212413886103029,0.00516785625530858,0.0162179062835073
-1.07016248808065,-2.82753240282858,-0.105690658858426
-0.265460449334128,0.217774461283646,-0.0652367874378909
-1.00856243370318,-2.52205570278758,-0.161950154601832
-1.55101309413468,-5.8544148585478,0.020797768805966
-1.74204201520952,-5.87781925995615,-0.240497072325222
-1.58625370123664,-5.93146886226979,-0.165098153610461
2.07133673506075,-1.69396267648645,-0.123376955987439
1.50107758004879,-0.626064555064039,0.152910840950143
1.39781459531191,-0.882612836542828,0.122259933505674
-4.7893117545757,5.74623425514878,-9.46398235890378e-06
6.36643175795941,-1.77341074693955,-0.139581147865726
-0.193431934210079,-0.310517343224742,-0.0275810708087203
-0.408886962632764,0.12828937815731,-0.256348473354184
-0.31092352487024,0.17214496618786,-0.175175104258324
7.82953601145894,-3.86071527942921,-0.496010461476413
-0.129660565576074,-0.565696381874327,0.114892695065077
-0.342879936601975,0.548797127096284,-0.139414762098036
-0.203371826529406,0.295211719237429,-0.367516956096324
-0.388192232333026,-0.305999383961836,-1.18817016066572
2.93973795889937,-4.65847672529097,0.0031057536444854
2.89400231130252,-4.63157363988321,-0.231786569942151
2.70393774650993,-4.73343545966463,0.0973192522885007
2.76533673329635,-4.67599848673547,0.135444701492816
2.60271411315601,-4.8058141811336,-0.00599699560237443
