1.04620703384672,-1.38691612763338,-0.216284339351004
1.06967248101411,-1.38979866845474,-0.212136774772306
1.07292492672413,-1.37085657259588,-0.209763172410499
1.08811740329875,-1.42282035945611,-0.220049940476024
1.12318140926773,-1.67095222648095,-0.210290694236011
1.09726805093155,-1.70912098932314,-0.235216340129516
1.14430592503334,-1.72981932008794,-0.209103758717807
1.14985484556598,-1.6946567647932,-0.190904080764149
1.11953779743888,-1.70720264776992,-0.231655533573404
1.1472543644256,-1.72393477143401,-0.223215103218089
1.12520165315681,-1.73984305347799,-0.230996124951894
1.11034829096787,-1.7292348756724,-0.247481340489618
1.19783278300367,-1.67828389946601,-0.210290694236514
1.14552175719031,-1.6398441945075,-0.219522414937639
1.04676774720764,-1.50745042089526,-0.226558168419506
1.0284471321071,-1.50274620687009,-0.217985856339887
1.04983261446642,-1.51935094121493,-0.235526125672036
1.0285968259506,-1.52790077959285,-0.223788652209133
1.01608065571992,-1.54004436878024,-0.222337953241977
1.0159961834196,-1.50136806308628,-0.226162523246118
0.968148997479377,-1.61030833913793,-0.155474862061207
1.05389469794863,-1.51440052655481,-0.207827444094097
0.819097972592592,-1.95013683658258,-0.154287051209378
0.714266719029032,-2.00362718885281,-0.192137037074194
0.704915999261651,-2.00845798079791,-0.192268920450057
0.762494378837149,-2.01482464994578,-0.226690050168865
0.732935234045588,-1.93422862569412,-0.227745103938351
0.978468908464901,-2.05862639367745,-0.14561946210134
2.54910327542728,-2.81482558150062,-0.165147306988744
0.821925236814836,-1.96654253818821,-0.126374080044019
0.775313266662922,-2.05370992571208,-0.15670687663343
0.798954474594177,-1.56640773220117,-0.164224134918631
0.818903604111156,-1.98363712481329,-0.20774505056558
0.834165308566901,-2.0191246943143,-0.192733883863213
0.744686186203452,-2.00121222099784,-0.221844161976152
0.796857594746081,-2.04492284400533,-0.221338572631961
0.779279683513296,-1.87013036387418,-0.154227065074365
0.946264099508085,-1.84560743392815,-0.138047500316697
0.956376004008497,-1.92266710846105,-0.145479341738866
0.886950393457305,-1.89053358596673,-0.132837945725173
0.860599984498471,-2.0143258434343,-0.123446232116752
0.817511516917142,-2.08469124862053,-0.166214539345446
0.809503654637119,-2.08492649884206,-0.175541905166047
0.907257187059432,-2.03507146845876,-0.145055938846615
0.903635520634005,-1.93285013109622,-0.16023107719642
-0.238663671534161,-5.660804015774,-0.211019389594792
-0.255339484961677,-5.53768450980839,-0.203670493028126
-0.192478255166678,-5.57974101878667,-0.195457277437118
-0.153480032068241,-5.65016971147762,-0.193312840034781
1.07439807091835,-1.63308868081573,-0.233561042151727
1.03431035488521,-1.68903166816388,-0.238781733263338
0.966869653663082,-1.70825427302639,-0.244119155748047
2.6360309176091,-2.67494884285834,-0.168431947672055
0.882378132366453,-1.89249166845883,-0.146957597953952
0.863888943528227,-2.00134712686213,-0.160272590243577
0.881458508918209,-1.72259037927313,-0.133759452771181
0.785065804106274,-1.68138723101768,-0.184402039764052
0.824220113496137,-1.68401791566144,-0.212492845993323
0.874140909957182,-1.66879575659527,-0.237022846733015
0.843873147424869,-1.6585955299544,-0.203393007036667
-3.76879578300841,2.06813772858518,-0.241382173748471
-3.79448952952766,1.9890412343537,-0.228564901909536
1.04702637195953,-2.21846004555195,-0.1720052046412
0.960167744073891,-2.02195201250979,-0.105547073314626
1.05310661567366,-2.12554732807149,-0.140446963018209
1.06343483340959,-2.22476972715204,-0.176773932670196
1.10005053178239,-1.34920179303503,-0.171570846732476
1.03404424375926,-1.94775419709137,-0.145233603258344
1.01170779535884,-1.98922491285022,-0.207119655266436
-4.15683681044723,2.01083407404416,-0.191806405852914
-4.16121546784827,1.96183511698797,-0.201442493485989
-4.1608095871952,2.00436745106791,-0.189151822723749
0.758587789162354,-1.63342976095805,-0.106325553057088
0.815359380331458,-1.62775333436549,-0.23359473336111
0.837925653157273,-1.6355387794274,-0.231216381666655
0.661132499701543,-1.52212987079289,-0.182833323374581
0.639462934791721,-1.56384531900215,-0.14386255725585
0.903355474727343,-1.76071820786225,-0.143168339115391
0.852294485353202,-1.79907727573157,-0.134599543026886
0.830876380995971,-1.80872213531374,-0.135509587194402
0.890257597349999,-1.70595971615015,-0.154153905940228
0.815976802784169,-1.83772944065219,-0.156923752909213
0.81814488033293,-1.85877637006978,-0.175404109414838
0.798805567482361,-1.85307672037791,-0.181145642117295
0.835264086368294,-1.84331890158647,-0.172795714839855
0.790991248923717,-1.91718190291454,-0.160049888435912
0.864917643973799,-1.79675789809904,-0.108747955008847
0.859740209223615,-1.79699707008086,-0.119031882148051
0.8845177188023,-1.82421633856174,-0.12676427834677
0.825785334960436,-1.88207643237155,-0.111621297845141
0.829002303353999,-1.8260570771937,-0.140017402574256
0.862700678718101,-1.91504014221066,-0.136603544007995
0.859689768590187,-1.89648882958981,-0.140530876141384
0.837536199800965,-1.89729751584922,-0.115711439688647
0.84712828538996,-1.89603015506378,-0.145146663499315
0.76945811233905,-1.86715021590774,-0.106109243907353
0.786407717501747,-1.81753222377303,-0.0995467812946247
0.751387586082085,-1.7247227886585,-0.0874273432369499
0.897548971056931,-1.81962126253055,-0.119405735239928
0.928603966096858,-1.76302391809891,-0.162151752528198
0.825038527197655,-1.78878641687282,-0.0564829507951403
0.868451447015492,-1.8092450172223,-0.0717812307206296
0.9583724333918,-1.521723719504,-0.154207308429009
0.865405179730987,-1.94195591316116,-0.0996082745680691
0.755083534249174,-1.78032659485304,-0.104500247392409
0.79800832760796,-1.68113994146847,-0.113181342583305
0.847377985156141,-1.73015618247685,-0.143951183259689
0.838890104760496,-2.04792920693498,-0.0616306078485347
0.85970747356359,-2.06645682145723,-0.0819361235112497
0.806735557469832,-1.50946188843705,-0.14471182427928
1.11802941984725,-1.43352599475503,-0.13956843703151
0.899763861876139,-1.66130368825752,-0.150646501872861
0.874614194899328,-1.70063086754233,-0.14998709325135
2.5133550810547,-2.80678901184309,-0.0927840588085187
2.55448790398859,-2.69856095827684,-0.0748503716180138
0.891475738488698,-1.62082476839122,-0.130384756085613
0.811548122018015,-1.63750365352996,-0.112700480918937
2.56819756890564,-2.69336872039478,-0.0803060913237454
2.49163627644931,-2.69140757441797,-0.119029265770817
0.839833277265193,-1.6135950131996,-0.128017036706604
2.53840472508834,-2.69767554076344,-0.0848917128599198
0.837361011548831,-1.61013167792642,-0.139948432154993
2.56404902037542,-2.70163621796405,-0.104334118871337
2.51645299497755,-2.67549415772324,-0.101762177666518
1.10297884387322,-2.07266757935519,-0.107575373199842
0.794039524691279,-1.60636113644829,-0.14726428983878
0.922825198069294,-1.79460670198444,-0.0183862658992884
0.903845714415485,-1.874482459266,-0.0211134400872139
0.865240377069078,-1.8895347541844,-0.124912739075904
0.929305990783767,-1.87612537789971,-0.0972259593466263
0.952030934495742,-1.87932160021595,-0.115119530596516
0.891009893385661,-1.94121649314753,-0.0192415313369103
0.861731496251499,-1.84079507283092,0.00684622919617106
0.752450550883674,-1.75558607120185,-0.0110990605800807
0.948733498850586,-1.76875351672035,0.0143201997007572
0.922733015028847,-1.6883610511646,0.00999241398047812
0.981063491161768,-1.67030787282332,-0.00564456029664506
1.07890751528431,-1.7867074522979,-0.0133910662919157
0.947169738714738,-1.87021366195439,-0.0917838954738566
0.888660503748183,-1.87812703255637,-0.109855279260777
0.904352282986972,-1.78715644532385,-0.124098435421685
1.13891864221395,-1.87238743764538,-0.0966670246951176
1.10227003176232,-1.87898797171093,-0.115525926377434
-4.04088055249437,1.97721409420704,-0.0733469849423904
1.11213241421498,-1.746870984657,-0.00886883053241205
1.09398610197428,-1.89180153459839,-0.00879456318910532
1.10535920642519,-1.89551346816563,-0.0411312530041441
1.1100314228267,-1.8584732169491,-0.0173377210220409
1.07369065489411,-1.86906023196808,-0.0602045460235112
1.02555678330256,-1.82481951979951,0.00590186921645186
0.733717923280819,-2.10803192246578,-0.0872235413705436
0.928025293990705,-1.97154201018137,-0.105067809227522
0.71663972354462,-2.09444946680046,-0.058908285591281
-3.1521403778785,1.12243216301018,-0.0607407435350862
-3.13774416422685,1.13166220555257,-0.0468508205289344
0.866909967500135,-1.81757933125379,0.00417647220834971
1.06882654657071,-1.56213298914193,-0.0467298873998101
0.991619386163876,-1.56778229477805,-0.0348605285855716
1.02803668260206,-1.50642036360707,-0.0827336129982392
1.03824912577548,-1.51799372242726,-0.0527858885745849
0.729155895917661,-1.35072250990156,-0.0884045122790729
2.35603154030258,-2.51903950319236,-0.104460530962128
0.939930063458517,-1.62320124234418,0.00518456557208391
2.32160647582898,-2.44134958728629,-0.0831761897101133
0.995437819156482,-1.47925506453987,-0.0940753733060586
0.525447161333448,-1.90663359100732,-0.0635612106565477
0.984378354808547,-1.75598522962471,-0.0356030247479449
1.13261965241263,-1.65208333127813,-0.0869146308845099
1.06913413281614,-1.62632330873059,-0.119579317852619
1.12692159777904,-1.64531942138801,-0.044988379515535
1.15571983466299,-1.62604414193082,-0.105405196657329
1.14038794056062,-1.64997616918919,-0.0296543580620543
1.06366784337733,-1.69555641739764,-0.131088912892097
1.09346979430591,-1.66513423920886,-0.11037178948007
1.09131326381635,-1.6469492021659,-0.120832787741149
0.630975452771924,-1.7485139713646,-0.0711280077034806
0.655880651366678,-1.75566344587519,-0.0992188139528298
0.618921884877082,-1.76472243219633,-0.0700729528817818
0.636355095497438,-1.79030681468039,-0.0731062325403702
0.686069158819356,-1.83859787577149,-0.00281327348928229
0.671608252820564,-1.78260615241477,-0.0754801035979173
0.713587918186715,-1.77971245972974,-0.110296878720071
0.667350178293717,-1.79213186727088,-0.086294408804779
0.656585108970292,-1.78066160337956,-0.0840524013495454
0.638320637338369,-1.74406873610774,-0.0783813022249162
0.643663342235358,-1.72637239449561,-0.0744257935362276
0.942206522847167,-1.558871657685,-0.0559740108056901
0.612745548236784,-1.77466469792347,-0.0491497769777915
0.501070588982166,-1.85883009738514,-0.0632611263392451
0.5935604261945,-1.81704597056295,-0.0775043512612936
0.616833354809494,-1.76290352837013,-0.0831752657552862
0.652045375552683,-1.7775071046609,-0.0752623622036603
0.723710401325224,-1.69667365750464,-0.102825642607792
0.709711982618165,-1.71694458462393,-0.0508642432261739
0.720272426630762,-1.70415214227966,-0.0765811794668212
0.704691856480443,-1.71154752884509,-0.0688001577325339
0.594782048728808,-1.67897733526869,-0.0538975228865337
0.683723362969042,-1.69161855937323,-0.0651248741894184
0.617048694774132,-1.74925642828866,-0.0708249954309759
0.608549418317024,-1.70873827265825,-0.0397265771526838
0.671285936503741,-1.67023067503763,-0.0692680833962871
0.644404941371779,-1.66111513191762,-0.0572119707313459
0.632096951832763,-1.71698162088197,-0.0661847905409201
0.609154431673991,-1.78460906170066,-0.0530059431834875
0.683909868793902,-1.70289273987201,-0.103605930671757
0.61336556370491,-1.61857891252715,-0.0808138113832313
0.598010055085156,-1.57872656165041,-0.0492920227924663
0.642893741322508,-1.63595752748517,-0.0769740482933485
0.582891809999087,-1.61199449984381,-0.0577228380187822
0.465905078112133,-1.9258176192481,-0.0490181553583002
0.604952759077973,-1.94322801195453,-0.058867404581358
0.777779131629801,-1.87378670118317,-0.121960295054451
0.777756206730016,-1.92895739418434,-0.0965455969563598
0.907403040069303,-2.00509406741748,-0.083053457426596
0.839466692881185,-2.01454927816683,-0.0724707211410738
0.921788912799421,-1.97747984795567,-0.0893434183121675
0.844780163222012,-1.92456193587004,-0.0917349592355003
0.980140162437641,-2.00776639792884,-0.0857748476152862
0.99514333684489,-1.99023504952178,-0.0776205514794523
0.894743876306533,-1.98961296600849,-0.0946335863254641
0.729234413557467,-1.7212167060195,0.0120195461145762
0.696256181895864,-1.61637806658695,-0.0057761083754222
0.748427712850425,-1.58088456336138,0.00963540820319753
0.760567120511817,-1.59792285853907,-0.000321400475724598
0.834706031023547,-1.98173271455264,-0.108318910753013
0.771860931867595,-1.98978081136999,-0.0993375607201046
0.82178636737253,-1.98058200747101,-0.114697995679121
0.86961586733478,-1.9748121770707,-0.115521084513532
0.987415066531556,-1.94656430301336,-0.0607177324882622
1.02104544964074,-1.95240276310541,-0.0613176958325938
1.11513853305014,-1.97251036034845,-0.0774582617358102
1.05831133569445,-2.03290196580536,-0.0745569325098885
1.12763636649213,-2.02473661603875,-0.0727098438906257
1.11967993333626,-2.03962229651433,-0.0946057282966886
1.1169317939214,-2.06655012332747,-0.0877347486363167
1.11447604791905,-2.03218705244568,-0.0908170301100069
1.12054307863052,-2.01041499101285,-0.0711156576510246
1.11247778840355,-2.04458553702906,-0.0872283266288558
0.939072947081074,-1.47546310836897,-0.0503074583737839
1.01498999719968,-1.97579683119707,-0.00782273572330405
1.11562502532824,-1.97698353233944,-0.105983243076045
1.0633545083073,-1.97589473859794,-0.105689186735761
1.05688726942828,-1.95930015242016,-0.119375701969832
1.13898873172969,-1.91315023176364,-0.0667011030483773
1.16930501181878,-1.97492039060109,-0.0765468500007827
-3.84324970517041,1.76665088870315,-0.103046904453772
0.931257236866923,-1.39875341555134,-0.0992188139524834
0.886500934268014,-1.42876298856589,-0.0972405880880518
0.924666249278127,-1.61189654189523,-0.0752999459970802
2.52456684818652,-2.75159370115418,-0.0483670424872131
-3.88031939804963,2.14000922628138,-0.0652103945607816
-3.84579838155907,2.1452285478247,-0.0849149932548878
-3.87986032926798,2.14087015489786,-0.0778217081381154
-3.8801659829172,2.13078059445247,-0.0891221316354003
-3.87537375600054,2.11624705013936,-0.0792417327297708
0.665531307931507,-1.72989788110467,-0.0988231691488246
0.692215577821775,-1.96993646106348,-0.06453392046301
0.649929056675973,-1.97407789606384,-0.0545109094143053
0.657722258580135,-1.88207212458635,-0.0306403173155205
0.688288141594683,-1.98467172613193,-0.0741612863351127
0.790583372526674,-2.0143443532933,-0.0764032756483968
0.792443524791631,-2.01140950689759,-0.0625556945965799
0.819819663025774,-1.88999534424593,-0.133949730565003
0.8508014590643,-1.68759365130937,0.0318256122179554
0.913380124474713,-1.31685552167112,-0.0597289501450369
1.01234412873146,-1.43949393270858,0.0150772114684168
0.954622111475505,-1.35167923735597,-0.0487278744300033
0.958675536086245,-1.44501550787854,0.0151028632674439
0.928514792948183,-1.29586895566003,-0.0399903796923737
0.950767694668579,-1.36928394376145,-0.0395944999729634
0.911744884287637,-1.32536653409688,-0.0389103608805355
0.947315258183961,-1.36937422051805,-0.00421073925641258
0.905041472895411,-1.33799614052699,-0.0668148631528294
1.18271958386227,-1.71012614304272,-0.0487303033960229
1.07092914063442,-1.80988448845112,0.0387074081133505
1.06598403305764,-1.84462770298693,0.0519549965221797
1.0503824976528,-1.82875312401083,0.0265152596270444
1.0538902705119,-1.87760541850096,-0.0129503475770947
1.054843524981,-1.78868627428856,0.00613976221172807
1.06522366637277,-1.80882568361203,0.0122383723829589
1.06031272433756,-1.79256283323132,0.00845022092405134
1.02432025688328,-1.83130352838193,-0.0464490994800995
0.834245661830263,-1.87237465778992,-0.0419024740910015
0.834033064157493,-1.76246183191265,0.102376335136353
0.822471766025657,-1.39807683486306,0.00147198774773871
0.693973740875812,-1.93320675409326,-0.00502160954649544
0.681563662774943,-1.89614097073684,-0.00924182497964976
0.644082798359578,-1.84557512353063,-0.0354862881354607
0.596513464693597,-1.86723808999439,-0.0157040294905784
0.538569525323318,-1.88839738154565,-0.00172456671279897
0.501199789540383,-1.9207437101802,-0.00753553573765786
0.762233588274093,-1.69907189937022,0.114088621167583
0.588222918582224,-1.84264099232033,0.0614170881610716
0.786986323250018,-1.90591787423287,0.0275447927464707
0.790332409361795,-1.82983344127366,0.0826563854454891
0.767962916153463,-1.50120539432493,0.100089067486753
0.774466127308729,-1.47153754811145,0.0180576909973278
0.813396686700788,-1.52482589445381,0.0952085056910135
0.822924951841607,-1.39613503211638,0.00961733311722512
0.55330333642198,-1.71429209026839,0.0826090906674271
0.560658690204834,-1.71245593530042,0.059938705538201
0.594876915683971,-1.7765931980944,-0.0221415743030569
0.634633345994375,-1.69558286268824,-0.0435413904484252
0.589091241262507,-1.73713701456244,0.109376815860195
0.582916771570215,-1.79781033557735,0.111367575850039
0.933453373015446,-1.31231312441622,0.0240047681149522
0.961135859791096,-1.33382620377919,0.0230305376607658
0.969808839918578,-1.40002776212859,0.00130593729680584
0.981313284607195,-1.36647458041899,0.00341956426483647
0.754073113921569,-1.79569223885477,0.102066500034025
0.887726370745565,-1.93309312370317,0.0213317239902202
0.815706975837642,-1.92816268262999,0.0347496999476824
0.924376730598542,-2.00536826592022,0.0406953266923531
0.854197557076954,-2.03421649513686,0.0765671553534233
0.585325751903477,-1.56367964750879,0.0376620467581865
0.645396041155836,-1.61586812649539,0.167373010983974
2.59770424317733,-3.03676236597595,0.0951995403701251
-4.11240327283149,2.03548088034545,0.0731827680029049
2.44959519724035,-2.53482586720103,0.126761832335949
2.44522400546396,-3.03900460220447,0.158631240853676
0.877444530270932,-1.58183982124202,0.280320432463957
0.781612707246333,-1.67165777893653,0.138539196732981
-2.15855174503259,2.01802898343019,0.135769680524055
0.531208807056998,-1.69789313704772,0.150936078818761
0.514935996500055,-1.73982172405953,0.162541670557318
0.517800620049755,-1.74520292171016,0.205798876128304
0.615633786111754,-1.78107511842,0.156726525667781
0.67120136732459,-1.82685469874499,0.184567961823894
0.655935132981586,-1.7735767726614,0.157362398205249
0.641293059252527,-1.76602896270398,0.176662630442326
0.706573038253769,-1.72060917778488,0.167948636274013
0.686963204307425,-1.7683437782898,0.187071720842604
0.668444663504413,-1.81398922040633,0.177708055571087
0.653560218496942,-1.83775864806615,0.187071670324023
0.640113965781312,-1.79766924619768,0.186280381186757
0.654464417718106,-1.83043492007096,0.169663283602573
0.540958546293956,-1.69400108450383,0.153970102230188
0.551576860575471,-1.66486782073956,0.162239246287643
0.689891981754808,-2.0197957742534,0.0992872889907592
0.768797027411571,-1.69869448392967,0.122934423432135
0.729987340497551,-1.60918131230765,0.133938957930754
0.759872413304564,-1.72624263184341,0.125469766028358
0.720796162215089,-1.66483211470246,0.135754043685926
0.691534016580697,-1.66447998033079,0.120496385194368
0.713150306051974,-1.69428303737066,0.115508674935464
0.716688190887435,-1.6621147998772,0.141617771848255
0.665888507236893,-1.6210296959842,0.117745863173536
0.69951171789271,-1.60851526696467,0.12114911925545
0.659318440503853,-1.63335635326888,0.118256442636449
0.602535768189407,-1.47035265397993,0.139342640651756
0.640438665828654,-1.50214845630187,0.103849133706111
0.771086912678546,-1.79673002293041,0.161929869933753
0.770630981487709,-1.69147012132711,0.129702921900433
0.799892600734845,-1.73344383909497,0.120867049512175
0.753148487428474,-1.78313643409521,0.122053981191374
0.799662473100401,-1.78381572444835,0.135110271903966
0.700141790146745,-1.39122847185209,0.151331723993087
0.68802929331539,-1.4484429732902,0.235076618849443
0.705254551628901,-1.36597761360175,0.146056455295235
0.671874210630969,-1.33684092686855,0.0814685789124938
0.761740801500462,-1.34437896660459,0.165219142579913
0.607607436686305,-1.46558366379615,0.180781186047523
0.599427555171731,-1.47503819550721,0.179594250528807
0.609132384320977,-1.41060518752446,0.174846508453943
0.866615393378035,-1.37350496329242,0.170625531406754
0.778272654503617,-1.51093625858896,0.306082548732154
2.61768187835657,-2.75940022097045,0.234938552641686
2.57033888835544,-2.78004692060714,0.204605756052275
2.61683187671289,-2.77688984335734,0.200913067771825
0.80459174327552,-1.3297579200361,0.18337279488107
0.820873589436548,-1.32597006170434,0.186669841615692
0.827683821472121,-1.33251786205182,0.177833766019393
0.795103233903978,-1.35576301606133,0.185219142579716
0.755397978991635,-1.48607018358224,0.18662381945336
0.695902414638438,-1.93877483295173,0.279383126620633
0.760533773674684,-1.95857027027568,0.260956260739309
-3.54956378479379,2.67907866586217,0.287157531188436
0.818200576211286,-2.05524311037836,0.259198605336294
0.79115426776038,-2.03756091840564,0.254187099837593
0.794821391566298,-2.02062700758368,0.258011669836156
0.614981269218083,-1.94107185689689,0.250569272746936
0.607994014776335,-1.95826076935642,0.255604192409224
0.600194145614397,-1.93831505127313,0.259941097650066
0.951438770620776,-1.94195173883405,0.339904036071282
1.00008167710663,-1.8587431519447,0.285041238761739
0.96068264616652,-1.87200717140785,0.30205398119667
1.01311375635992,-1.85616366581919,0.289525217388
0.950199921910684,-1.86637949821311,0.292690378771243
