-2.84097906282313,-5.43933262309158,-0.121531213687485
-2.6884621587627,-5.47021637913859,-0.109164086599723
-2.63425962018682,-5.31934603045822,-0.118072533859032
-2.6330172895325,-5.32513292462048,-0.11340119503611
-2.55311413988023,-5.40032531574408,-0.139657565844478
-2.60271226266077,-5.41065101208896,-0.128850680439261
-2.25538292697921,-3.56685360480055,-0.116717561803497
-2.68563592299298,-5.27445868324763,-0.119576956320126
-2.53212626007333,-5.08450064159977,-0.126325887457992
-2.75137193342878,-5.01837523490695,-0.124034048768974
-2.62948137848504,-4.92561130666081,-0.103505052358668
-2.74920060331369,-5.00055247426512,-0.157316316650896
-2.78696553924709,-4.9969674623741,-0.132991443690197
-2.78586912251539,-5.00901436716872,-0.151290261899125
-2.78142575432426,-5.03438729357094,-0.137896045861293
-2.87022015499437,-5.31476244703762,-0.136510972447795
-2.89634085082607,-5.38294004891848,-0.131448761078428
-2.7918074074124,-5.53680886180162,-0.111930261021083
-2.86722406815876,-5.42786213520327,-0.14059932048319
-2.9076140554933,-5.36499493255875,-0.138819164463927
-2.77771061678697,-5.54847763258245,-0.133222664957656
-2.76606296850288,-5.74961999510739,-0.153168603824345
-3.51450010038597,-6.17535903840293,-0.142930849291302
-3.53777412115929,-6.1806494473523,-0.137128053420268
-2.78327979873493,-5.22335148991945,-0.124599289618301
-2.64304065165268,-5.19475443461208,-0.129478913392412
-2.85997736814909,-5.29433856233995,-0.140952623500185
-2.83738495360284,-5.43711329579611,-0.133039719693063
-2.86234252657816,-5.59068900000153,-0.14213955997243
-3.19297762194598,-6.01956612078713,-0.160877712597961
-1.29125680336982,-1.70555577561197,-0.133681614195247
-1.28047008598516,-1.7127921314141,-0.132900099069296
-3.41259149571701,-6.17276377933534,-0.128913804391451
-3.4559313978028,-6.20689799599002,-0.146274167179277
-2.77414301597776,-5.41974741366214,-0.0923342889039263
-2.89145908291665,-5.43525851705576,-0.116864290066593
-2.90594029766408,-5.37829766738543,-0.135327731350266
-2.90305417077362,-5.41223019840829,-0.120029451354518
-2.8850303581971,-5.37612098588338,-0.125436602053173
-2.91207681918878,-5.32478968344659,-0.128469881711503
-3.57845221749965,6.09299792326416,-0.112644074795408
-2.1671770883225,-3.19143618095213,-0.095895095809081
-2.5973402359209,-4.89489166631512,-0.117259935145982
-2.5745249832156,-4.915836685885,-0.109347031687872
-3.63699545255799,-6.31659560006336,-0.14904343070271
-3.61920862849268,-6.27636865753974,-0.167374990380659
-2.19743961425113,-3.16560710782517,-0.10486305306161
-3.75073862511147,-6.33252107242604,-0.104599289613015
-3.73682451793566,-6.21466638870031,-0.0929936978744257
-2.2349488371616,-3.13809865839367,-0.0985327302951007
-3.67520702025836,-6.22436590410875,-0.123194612739655
-3.67961992418182,-6.26123987090437,-0.111325257547484
-3.62374775658163,-6.27881478704327,-0.142581226230267
-3.64500525124555,-6.22662855487973,-0.0726838990510341
-3.61270489053072,-6.27979480375779,-0.135987830350294
-2.58879646397359,-5.15814668779819,-0.104863743415072
-2.64849435974469,-5.16796298096441,-0.0707031100332596
-3.66073790197092,-6.29856180289489,-0.091420732566128
-2.63899769635147,-5.11000138836637,-0.114190770388035
-2.63025398999668,-5.17046543485949,-0.0958971390975052
-3.62005745621085,-6.27380267856551,-0.137465550909498
-2.5464187164212,-5.04899123214828,-0.12413677546418
-2.62806812787573,-5.09408953028808,-0.113073679890985
-2.70904926155362,-5.10164661921914,-0.0931088155352111
-2.30063499998837,-3.33608547493302,-0.0750410193058664
1.03014107259555,5.36024778175613,-0.103791235203656
-2.68451665515155,-5.10588706666154,-0.105688303330085
-2.23205086030739,-3.24724477225868,-0.0793119584697275
-2.22014227637794,-3.18847697303485,-0.0922213981831475
-2.595747690607,-5.13690639088765,-0.106209582249974
-2.2168000893266,-3.29052725550208,-0.0839215708429726
-3.59402305320455,-6.33744174329925,-0.0757192352793317
-2.63619941095673,-5.10716229852516,-0.116338806364282
-2.2464323361657,-3.25567677235554,-0.0837640204617407
-3.63966836503268,-6.37092260584125,-0.0899245331165062
-2.61091248543688,-5.09371138068394,-0.106145985205626
-3.54544513852209,-6.32514450099772,-0.125709980884593
-2.33830748027917,-3.27194531512448,-0.0740123449582921
-2.58274048734478,-5.12655006183425,-0.107761874562061
-2.32259327074217,-3.36370264790954,-0.104596713178819
-2.59343676287251,-5.1066620912664,-0.104599979966469
-2.29861164966767,-3.31269183432054,-0.108028904798315
-2.30967231288097,-3.27845698019882,-0.0927299839909961
-2.25748096750373,-3.21059379118518,-0.0730795442239396
-2.30651069096889,-3.29512908908254,-0.0922024110872577
-2.62598109542007,-4.93587546281895,-0.112907838499518
-2.62198000252805,-4.93311369470374,-0.119370042753152
-2.61719383318925,-4.89894408926041,-0.1125121930662
-2.66365397757131,-5.13610055449921,-0.0994559023648856
-3.49491120565843,-6.25916091931309,-0.11027020375808
-2.63974318140023,-5.11521509533769,-0.105522461683215
-2.67696083592041,-5.16525905582999,-0.115017945832824
-2.23054538589232,-3.33445711199149,-0.088509719248165
-3.45524307121006,-6.23885802905319,-0.130579989300467
-2.70669114117451,-5.15969681726649,-0.11238031134682
-3.45245208730137,-6.27685035918868,-0.11369912858983
-2.68067686317935,-5.14482390252605,-0.118710634113298
-3.45415515882307,-6.27446139400276,-0.140339236898793
-2.60446533482043,-4.93228388378128,-0.0981370851222207
-3.50485724934507,-6.22498971672985,-0.0968182678792029
-2.67419911240079,-5.12276571607246,-0.105390579958819
-3.48589816268602,-6.25727557435769,-0.144823215525053
-3.53532583446045,-6.23647662277572,-0.0825750416546098
-3.50943132071588,-6.28971047939506,-0.0870590202808705
-3.43966476216786,-6.26739604106546,-0.106709397201837
-2.61094346822567,-4.96160685336042,-0.0703100412945437
-3.42815118227093,-6.27978939010169,-0.122271440669448
-2.587549919807,-4.88901626592209,-0.0670129981869989
-1.36667331148457,-2.07250162603344,-0.133085742062194
-1.35425214170934,-2.00346132069856,-0.127151064468614
-2.56990453933599,-4.84141899226678,-0.0998515475381438
-2.61442905379945,-4.95514812369576,-0.0947081602903737
-2.66686904654125,-5.10693720379299,-0.100510956159655
-2.17906845828423,-3.56448718715437,-0.0990602571923604
-3.50128522084891,-6.29181141856236,-0.0761128371637205
-1.80883492044326,-2.22382348742327,-0.0940487516687636
-3.52492017353189,-6.34054576459762,-0.137437838964533
-3.48129547815321,-6.32194740778547,-0.0906198268356
-2.59881652566586,-5.17763533672405,-0.109347031686454
-2.13923882284917,-3.50572313770333,-0.0911473537328071
-2.55056137960254,-4.95802002923405,-0.0714969768185554
-2.18424404403518,-3.49837339119033,-0.0813881061411892
-2.6072249738732,-5.03638864557856,-0.0911473537144631
-2.20758243895734,-3.55825394435229,-0.0672767616158396
-2.64521944145902,-5.14367508763674,-0.119238161084262
-2.18302122201967,-3.58516366410664,-0.0836300955227796
-2.18555370030786,-3.53321052765599,-0.0881140738000254
-2.21552368543902,-3.57864455745489,-0.0947081613176568
-2.24436691907384,-3.51493041471812,-0.0799374033347038
-2.63713566188058,-5.09029477713362,-0.119765702215912
-3.49798424790843,-6.26995362971555,-0.0809926602504862
-2.61762760395509,-5.1063836389341,-0.112644274082915
-3.4572312284273,-6.29943931359432,-0.101960911375905
-3.45566178696892,-6.24456720169769,-0.0970848070445787
-3.46469504567958,-6.267230107653,-0.108941027398945
-3.48746568832847,-6.29615952796686,-0.078657250672872
-3.50561042331313,-6.36625684647131,-0.078474306052315
-3.52208597679499,-6.3334377888146,-0.0613530318904643
-2.3262190487362,-4.20421754760695,-0.0920814736527804
-3.47499176367483,-6.3870663946678,-0.0921710182838111
-2.39457875358038,-4.26367479397261,-0.0977100507044864
-2.39149035640398,-4.25752528782698,-0.0829476614723537
-3.56460944261968,-6.47646594524239,-0.157733048890489
-2.42615535404374,-4.38015762548353,-0.100364498819212
-2.5747169825744,-4.7058377627203,-0.120919747509244
-2.21817705023578,-2.30276541411215,-0.11393001612125
-3.46160053869537,-6.36491606269721,-0.180211940725223
-2.5534788064889,-4.6866258549231,-0.125481025139981
-2.2151447114422,-2.33251795700232,-0.113347906504217
-2.2280486106992,-2.33044537067695,-0.11077242683289
-3.38378598033434,-6.26249006012047,-0.172167155542814
-2.56890221026526,-4.58698386448849,-0.110314626845276
-3.51414988914838,-6.4344772040116,-0.164440716528834
-2.54611315972434,-4.63695626416473,-0.125931253032712
-2.00136967197975,-2.69842278615609,-0.0864986174664779
-3.55889466226801,-6.46103895161155,-0.153997765968702
-2.46938594518818,-4.43396875268025,-0.129599646972872
-1.84518224906307,-2.75146772599818,-0.100092285631586
-1.82726626717814,-2.82330576336978,-0.0985013410502971
-2.52896992078857,-4.51355030615315,-0.112259377470954
-1.88362810290311,-2.81069108920707,-0.0616167953390678
-2.49811519084732,-4.47880665342982,-0.110440746229603
-3.36087214566879,-6.402249393376,-0.117260134433478
1.61009075354084,2.75952553983829,-0.116205080639063
-3.44748495247617,-6.42587633575437,-0.141130473845679
1.63863608404762,2.73098302361874,-0.118183053817168
-3.45163409336429,-6.43904446321721,-0.138756670515369
-2.40986391247871,-3.87485205174797,-0.0867952711404654
-2.4518001843143,-4.32773490717506,-0.0474944991564643
-3.35541104352592,-6.20263500068068,-0.0966863871821833
-2.45517648427033,-4.46245208135642,-0.106973161677723
-3.37167660910102,-6.2443077902095,-0.077563535855883
-2.41978549567319,-4.47566994465427,-0.084948912416783
-3.27809126229363,-6.19283320519486,-0.115677354528112
-2.39793071088387,-4.52144268498439,-0.124777193504935
-3.32659243352008,-6.19033106716536,-0.118183107196339
-2.48505131145792,-4.48981651490524,-0.100774719588503
-3.33674567055044,-6.27119678355387,-0.0951038054685405
-2.47993734095233,-4.50254218313014,-0.100379074440612
-3.33662924367684,-6.25324636714342,-0.0848170309664504
-3.32696682626525,-6.32303564519048,-0.107236924098942
-2.34225034240424,-4.11426293562903,-0.0923342892528403
-3.40082858199338,-6.30332031659613,-0.158538914845752
-3.47535070418435,-6.31150412751125,-0.160780904190621
-2.46354451627324,-4.38319235353744,-0.0982689668715739
-3.57172071913263,-6.33877481522102,-0.150889774749417
-3.5017949235109,-6.32203865619178,-0.155901280715426
-3.48053696541131,-6.28675510918956,-0.163682300797637
-3.73875895737703,4.76065748038328,-0.115809241039924
-3.39465599425749,-6.26747141897967,-0.156956339022081
-3.37594968286289,-6.23397484544664,-0.149043412560227
-2.4654840034801,-4.41425669231406,-0.105918174564697
-3.54047270912533,4.57072742415515,-0.101565757261867
-3.26667143684253,-6.2435089206357,-0.140338984206592
-3.35868081648172,-6.30381078832207,-0.139548889613111
-3.33215936651523,-6.3095918971407,-0.137961846313043
-3.32303963497398,-6.32083993548822,-0.124130919942812
-2.43780106721604,-4.40636959279599,-0.066234842974328
-3.34899653559784,-6.36774916859128,-0.119848548647773
-2.42656433805812,-4.47864661809849,-0.0837129561890835
-2.29974578828921,-2.51345630964777,-0.096901128619262
-3.34518370167724,-6.37208650957166,-0.112563260150644
-3.33077015752835,-6.40778022368593,-0.116445279190598
-3.34312119419454,-6.37967203668092,-0.117829857401941
-3.36059235240165,-6.40201650013775,-0.1122398482831
-2.44230119882927,-4.39369066840114,-0.0912706541191159
-1.49689518500291,-1.5644970330969,-0.0854678582498374
-3.4672459294917,-6.39586275030007,-0.135056329721192
-2.30603120630881,-2.49039525883677,-0.079666005514442
-3.46005242236973,-6.38880967813809,-0.14723665251959
-3.48758345136437,-6.42685743646657,-0.147184095425629
-2.47392357644978,-4.43194049845338,-0.109334040551016
-3.45645768493253,-6.44735670258868,-0.138769054797491
-2.47790712579364,-4.49219767500224,-0.135603893414248
-3.50962404782062,-6.43076862140021,-0.138060644361238
-2.13851525960434,-2.26843934491376,-0.0814833846357712
-3.71369362576262,4.5742572671946,-0.126783492187833
-3.46362653115662,-6.37589189546254,-0.126376926174449
-2.00172881339469,-2.3650280726652,-0.039071224686666
-3.86441279714753,4.45708924576383,-0.0861825277469084
-3.46053101645614,-6.42888730744726,-0.12838467952348
-3.54968827538605,-6.36260339886364,-0.131311660288951
-1.64804438691512,-2.24653137499305,-0.0723605295260525
-2.59056978838991,-4.62663107625885,-0.0804053376249321
-3.42446079405925,-6.45822414070641,-0.109393642474611
-2.53873507380481,-4.53904192421624,-0.0590148237913288
-3.45542615078726,-6.47627719095643,-0.104089166848623
-2.55900218763932,-4.65297684850652,-0.0843069082033545
-2.51904183482831,-4.53946004371764,-0.0803553231006475
-2.54163207506175,-4.62477750521477,-0.090651405949139
-3.47096555519286,-6.48486284025144,-0.108808552069052
-2.52069696514475,-4.53059900949571,-0.0754424758206995
-2.33573283707071,-2.9479731157884,-0.0866524223863514
-3.50756014937014,-6.47420564986747,-0.145231092472294
-2.50917352651126,-4.46977281553039,-0.0755975420409503
-2.36215537637932,-2.88744477960458,-0.0716410903118967
-4.00155140234989,4.60298888528153,-0.102451207648453
-3.46421313374471,-6.52922233260934,-0.122760993190928
-2.49203703624608,-4.5105627238113,-0.0833283576246941
-2.37957033032307,-2.87953362649069,-0.0843834114191084
-3.90085903300449,4.65112510349074,-0.104738955341579
-3.44217544449528,-6.43699421607168,-0.133225407790765
-2.5626492557185,-4.73166927852682,-0.0986723960236966
-3.35531351570847,-6.40268534490252,-0.120563816612176
-2.5666954026854,-4.65850092168244,-0.10170473003702
-3.35763687637828,-6.33711834469719,-0.121049367711857
-3.34862335469913,-6.34912844669457,-0.136120851393681
-2.53631722717139,-4.63560562198643,-0.0853463875374927
-2.33882004613063,-3.0241366318794,-0.0877202585749248
-3.98346506080865,4.59216723055783,-0.1118806031983
-3.35640849235167,-6.4415118602089,-0.132058507016473
-2.56711641798563,-4.68118666733264,-0.101725710427062
-2.26814605877973,-3.19557466916257,-0.0856361400622441
-3.35484316884641,-6.40178621574283,-0.120048228413301
-2.50229899441928,-4.5422853426194,-0.0847039263004223
-3.89679650370441,4.467305156274,-0.0951385129726861
-3.3228723212313,-6.36540834804648,-0.103578943328001
-2.53809621249258,-4.68807127404586,-0.0951385129726861
-2.10234839350052,-2.18354172472974,-0.0891602222770913
-2.28238331581632,-3.01288274564582,-0.0807242054955069
-3.39699522327447,-6.33268323143725,-0.149603584029771
-3.40268275624044,-6.32966496703993,-0.126899353601087
-3.45809599039781,-6.2937771360889,-0.141979478913445
-3.92830135419754,4.61776782281271,-0.083280472076481
-3.71851472922621,4.54462077889292,-0.0987106290019424
-3.82225011059428,4.70594647104037,-0.0781371042164323
-2.21655367279826,-3.21760706835055,-0.0612564903793349
-2.233700433073,-3.33041132049949,-0.0693047140481906
-3.37788871938914,-6.34187073511797,-0.123226809622157
-2.26588239612863,-3.29834563588217,-0.0869593354391658
-3.93334139729706,4.65485441176688,-0.0938826067050424
-2.2520578203444,-3.3187145137202,-0.0822770149664851
-3.4866706158297,-6.30107764306094,-0.120014794822129
-2.26345314233816,-3.35446680842094,-0.078603933391368
-3.50744766926975,-6.27446506681876,-0.113144978459223
-3.47705360392975,-6.32489166348769,-0.120426733387341
-3.32829190606065,-6.38334674985289,-0.12243001454757
-3.95788775994027,4.49310853959692,-0.106481047323182
-3.32583714539085,-6.35736800015534,-0.105162230080164
-3.94779304533525,4.47367062611625,-0.0971836329001063
-3.39698370225167,-6.3511185850207,-0.139649548125282
-3.35487605422904,-6.33871597311168,-0.162713387139432
-3.95294081243623,4.64876264206027,-0.0945372723555955
-3.42184393870674,-6.36802129087869,-0.136475660683564
-2.23959508833981,-3.1041469283291,-0.0854374333787722
-3.65368343912685,-6.13469175166092,-0.128677834001516
-3.82185110720364,4.60498482646054,-0.0949161125802591
-3.87367869717581,4.49992503948858,-0.0914162209324689
-3.71569567303451,-6.15346696692217,-0.0734803064274259
-2.34487145091767,-4.10429960794029,-0.101043586806499
-3.66863338857988,-6.23406816727449,-0.0616536127654119
-3.6912993346033,-6.17402677808001,-0.0535091482983594
-3.68730093360874,-6.15591659879088,-0.0638882149587232
-2.41439978815956,-4.14976569524361,-0.100413726664267
-3.60135965568846,-6.3557885058561,-0.0784519719695511
-2.39674804270395,-4.14516698480688,-0.0998363276263661
-2.34795985435965,-3.34673769757069,-0.0862590241606047
-3.66706521378438,-6.33254393840297,-0.0925315071588166
-2.60767832835455,-4.76490044316316,-0.0821128509389755
-2.29421298477136,-3.36024925751109,-0.0812792862274068
-3.64792581840483,-6.26481058038146,-0.0760933200006053
-2.4929045803705,-4.40278675699881,-0.105721622250449
-2.46151208518672,-4.41018569929169,-0.108731624723577
-2.14392676647749,-2.98675664751382,-0.0840697422791428
-2.93503490958373,4.55309682876562,-0.140224020826074
-2.13518279375564,-3.04422465935592,-0.101187030432746
-2.50446499293298,-4.4837323082085,-0.0903772808491681
-2.46851396285442,-4.62059870138882,-0.093939861822111
-2.48474029344726,-4.43077609459905,-0.0811454284590705
-2.98444008053617,5.57396062020999,-0.0881601095238509
-3.62891548330698,-6.37887619361157,-0.0813022474642875
-2.59177220105095,-5.02436431791919,-0.0962048823103894
-3.72998505221513,-6.27317863627803,-0.0368581051588455
-2.57808238172905,-4.91953920750669,-0.0572997724256223
-3.63489607723267,-6.42961207514564,-0.123768161799479
-2.65293889888273,-5.0041627082517,-0.0901383221025238
-3.64151518904991,-6.3770699304628,-0.0558490736967729
-3.68023736799186,-6.22675763401881,-0.0645532675240792
-2.61261065061339,-5.04003628462936,-0.0743125151224113
-2.62566214455524,-5.02169666827926,-0.0756313323591622
-1.95346022723556,-1.86977448683157,-0.0958092361101999
-3.66701345584665,-6.22586037613929,-0.058882353629657
-2.2977905663986,-3.22188875643636,-0.0707517088168177
-3.65997882969024,-6.23989145169139,-0.07061982588349
-2.27585980647124,-3.19712515489558,-0.0558490727616898
-1.97000189503125,-1.81647894773389,-0.0956773535008295
-3.60664716538819,-6.35642712451025,-0.145792413247655
-1.95162033339871,-1.82978003286618,-0.0969961752559942
-2.26604457941525,-3.20577379350674,-0.0843355128834611
-2.0781168506008,-2.41543400764001,-0.0548036353055217
-3.53970107187155,-6.18805175600525,-0.0718088056639123
-3.44416428818797,-6.23254434523764,-0.130917287500402
-3.46910289803918,-6.27135609647012,-0.134453368439985
-3.47760632749699,-6.25346872374179,-0.13058735057326
-3.4895727433509,-6.22475725024589,-0.127744587978776
-3.56124034807963,-6.22203059280328,-0.0718974068247755
-1.70269340568533,-1.74981183133625,-0.133222408625106
-3.4909471441361,-6.24790034647712,-0.132353566587915
-3.486414958698,-6.24364367156887,-0.126262780636994
-3.51381023128958,-6.21828055791494,-0.125250303341814
-3.5440730715689,-6.18136772848383,-0.0552126628597041
-2.04621132090982,-2.38295636871065,-0.0620621473311851
-2.03682147263934,-2.40713407356481,-0.047333731651672
-2.00577278116491,-2.3176960614627,-0.0232270889348585
-2.58001271138945,-4.7059153583767,-0.0562899972308257
-1.71796285134106,-1.80427829994474,-0.114317955923612
-2.57870035120269,-4.72987963348435,-0.0673690051108728
-2.51040552697533,-4.63526391960242,-0.073435311742289
-1.70955554770361,-1.69357046389826,-0.094272678608573
-2.48355843148938,-4.62087383545594,-0.0664456338322841
-1.70335300122022,-1.77495766587821,-0.10746085009014
-2.05020323468267,-2.42586478108036,-0.0523342902806065
-2.54328506634615,-4.72242702749339,-0.0591921350826561
-2.25246249490665,-3.91953785505389,-0.0463996259676132
-2.25664085248189,-3.91614576960213,-0.0483780368117412
-1.87099420398276,-2.2257579903192,-0.0601049518523815
-1.82287174166851,-2.16995720652903,-0.0742653163028146
-1.47169579825726,-2.15185161309417,-0.0987442538027343
-2.01359249640017,-2.21291718649395,-0.0728932130627358
-1.69635213155179,-1.77941652797878,-0.123597419897258
-1.72557263083202,-1.75915287903618,-0.124290137181911
-2.28873612699789,-3.86052354263979,-0.0839289174585311
-1.64216951655536,-1.59210742968228,-0.080199050856512
-2.32781704353487,-4.2662984759367,-0.0603282105713197
-2.24982110751985,-3.15428069045614,-0.0553252425664101
-2.45279090243313,-4.42214747001995,-0.0793936464445797
-1.7819114800152,-2.1587371002109,-0.0443696334985459
-2.23075733241101,-3.21821288829219,-0.0591532668716002
-2.46609672377095,-4.31989115124642,-0.0725882587306768
-3.77649644664422,-6.26190720825449,-0.0848936039741115
-2.48286664895808,-4.26206921177292,-0.0686721518849918
-3.80255068109731,-6.25012004245002,-0.055611398664678
-2.45473436034186,-4.29801138927125,-0.064843119365803
-3.68440994454993,-6.300101131198,-0.108837001515754
-3.69644326020019,-6.30345687591618,-0.081424691727201
-3.72064031184505,-6.28961462402332,-0.0615928755921278
-2.48944746861207,-4.57155937499142,-0.0801093291248118
-3.75958358531631,-6.23936486781276,-0.0428880735640806
-2.5130748757315,-4.59350950367583,-0.0787098855063653
-2.67773643111667,-5.00033479397765,-0.0614727841646512
-1.78852546211604,-2.14594367611831,-0.0174242882478546
-2.68002565391592,-5.05389379171481,-0.0692027488486209
-2.73194418002453,-5.05532917998209,-0.0804360450541368
-2.71919181885612,-5.05381288577241,-0.0648316600769052
-2.64131297479466,-4.97608001946179,-0.0792151499383833
-2.60826508241633,-4.92406844410732,-0.076454015791753
-2.57465925688818,-4.82278323385041,-0.0790493083147981
-0.0538199639119785,2.15215921950847,-0.116080360899932
-2.1000300725413,-2.25537132431997,-0.0751037911497856
-2.22598296414908,-3.26259115005811,-0.0675865477271789
-3.77270928917328,-6.27819059838533,-0.0758951489342752
-3.78861017483212,-6.27383188435468,-0.0919844679129342
-3.75256589306575,-6.2932890249697,-0.0731228181848833
-2.26461386917817,-3.84269816056845,-0.0832921310431218
-2.28127098818714,-3.30006380017811,-0.0766836246673308
-2.27484927810428,-3.29365773984991,-0.0698292766849753
-2.2994205018581,-3.30129495381573,-0.068773283409296
-2.2933965849077,-3.290188453598,-0.0785327872513506
-2.30404699274776,-3.25986899051011,-0.0844673793513058
-2.27775493446664,-3.264840771293,-0.0761589164510719
-2.28066394991218,-3.27304430140764,-0.0819588803588136
2.4946192562735,5.621250970011,-0.0740125017352331
-2.67922099457304,-5.38503196175444,-0.127065005624163
-1.82431241079067,-1.69918425058526,-0.0973918206974465
2.4850621282006,5.6970771634573,-0.0774776754935629
-2.70091544420588,-5.39204767961377,-0.128120258834028
-3.52088087645013,-6.19732218019018,-0.11018434795472
2.51067702019343,5.67155723400878,-0.095809240005825
-3.45170462194299,-6.16283788155321,-0.0809065870310461
-1.89585260179067,-2.23686946718337,-0.055717177689405
-3.44256516879937,-6.20715165067615,-0.0890833216181524
-3.56951262491839,-6.23267425007511,-0.0789281762540108
-3.53150583790652,-6.24080447864429,-0.0898753020622791
-2.27297903375729,-3.93185179032461,-0.0749726672161772
-3.44442684033052,-6.19975925611613,-0.100949848731654
-3.53106896588923,-6.24623083880265,-0.0704983004146222
-2.30860647670747,-3.54475589225836,-0.0792024942185403
-3.53541009031062,-6.23835059913869,-0.0686029544596467
-2.33966692686496,-3.66053013742909,-0.0914694883018743
-3.60749904131986,-6.29441476454894,-0.0784266353398297
2.51431429917971,5.7150753559193,-0.0967447569982114
-2.17223324466056,-2.59231475738251,-0.0633670219865214
-2.53857559056109,-4.63719683334413,-0.0769152904690253
-2.55636191608922,-4.69218048721114,-0.109119214850886
-2.53056317629264,-4.67692539283561,-0.108934503390721
-1.71873318251797,-2.3054412070732,-0.108275094769213
-1.73174121872313,-2.31478280743887,-0.0881514127223841
-1.7822743035298,-2.30228293769543,-0.0865309036438138
-2.55120197356763,-4.53520258135755,-0.107993234757154
-2.55486330872151,-4.52032119024149,-0.09630512051008
-1.76252529359298,-2.25219640124199,-0.0817981308368834
-2.56851198298583,-4.49108551869747,-0.0882238491705287
-2.53449947101811,-4.56979326816996,-0.106124467364054
-3.86269574889145,-6.1888467094932,-0.0790799807314464
-3.86718019928928,-6.19557035465442,-0.0864075484626914
-3.82416894315637,-6.26889962470691,-0.0958099720774124
-3.93878154863216,-6.23989474282608,-0.0794551547986373
-2.24788680490304,-2.74934077010233,-0.0836107645418724
-2.29337134675464,-3.23474823232353,-0.0813881776770233
-2.34188013868574,-3.27253084041622,-0.086663355938577
-2.30445144637198,-3.28987727465806,-0.0899604233519338
-2.31001004364189,-3.29192694895762,-0.0953675675355754
-2.30627554554279,-3.38084473748639,-0.0932574613987458
-2.29346051763321,-3.39333089837261,-0.0767722604425811
-2.29540256162725,-3.40099300463694,-0.0943124604158712
-2.5237618063728,-4.71332595934705,-0.100890679360049
-3.63534603438254,-6.33182863098155,-0.101326330514303
-2.49786073337914,-4.71714516039588,-0.0943365991263079
-2.54137892371303,-4.78261000822086,-0.100011485294659
-3.61937495267853,-6.28496336877888,-0.116030798637943
-1.91394762539723,-2.10105180885246,-0.122970409821031
-3.67327819337461,-6.30376433602527,-0.132034591542058
-1.92806968085902,-2.09731153996793,-0.127154967742892
-3.68143856360817,-6.26722179923736,-0.119308252754728
-1.8913235149165,-1.83730502913411,-0.113505456885449
-3.60802441250084,-6.29105285847993,-0.1397788340844
-1.87147691245683,-1.88001019023502,-0.119600930266226
-3.65484106948938,-6.29982822378456,-0.13247537625058
-1.88696536532989,-1.85120048147882,-0.1191553220961
-3.67996381239607,-6.36352529077567,-0.104445343716012
-3.65625724818628,-6.36749274118392,-0.0847238149454068
-3.70705014686918,-6.39038400156501,-0.0862573694915396
-3.67315894178576,-6.35735850357584,-0.0965572805027117
-3.65452065633352,-6.38539635439369,-0.123722125033529
-3.64448144519233,-6.41728886656047,-0.116995967278382
-3.63377345168318,-6.4424305279906,-0.104863815982032
-2.22525650648486,-3.62024315055486,-0.0998523104585645
-3.56145928649446,-6.46660549660519,-0.118312141677706
-3.53507447694497,-6.42841839862945,-0.105533087813452
-3.48692753594047,-6.43215334098979,-0.10474729251722
-3.39800746705645,-6.41630604804062,-0.120795914241122
-3.57289709132739,-6.4081224511199,-0.131200986936862
-3.5345497750467,-6.45960535270186,-0.10718168220837
-3.5129237913664,-6.50018968302403,-0.0997218972659333
-3.50102571986937,-6.42819935809215,-0.0996407165247426
-3.46202641645281,-6.45482262279746,-0.104130225849773
-3.52620390265827,-6.4476766591274,-0.103882755695195
-3.52552617705681,-6.40456666799868,-0.0836950502369058
-3.59284678069249,-6.38747777330191,-0.122112490184042
-3.60724044491216,-6.41977038433515,-0.130227664384089
-3.64917470014532,-6.37231888250171,-0.111448561497706
-3.52750032960703,-6.34145130419092,-0.147056627493209
-3.5638929436181,-6.39793843620853,-0.147240405516956
-3.44505098018879,-6.43801339326135,-0.100673917347316
-3.46873086537488,-6.44773933584973,-0.112454819948941
-2.05625438999285,-2.29006027496598,-0.0777699264575706
-3.56848164726978,-6.37736223112447,-0.13025087542859
-3.54757052808746,-6.37627744910262,-0.145537635513198
-3.555027128484,-6.42460335498813,-0.0942954545602286
-3.6482621522102,-6.39924261934586,-0.0922160701865449
-3.66004578013728,-6.40111398996995,-0.109579389619411
-3.65821512491019,-6.3845753429496,-0.0830945835569192
-3.60682507291193,-6.38050519011013,-0.11086769250474
-1.9823244298441,-2.58897097919111,-0.0649728524477189
-3.62615252878444,-6.36668403874716,-0.11489033426848
-3.61900300168289,-6.37617462981018,-0.114805637972159
-3.61137791724307,-6.372661031065,-0.142433735894459
-2.06271198800832,-2.60130433382092,-0.0895491644494428
-3.50099520434811,-6.37115019475783,-0.0672797723094982
-2.57100491556354,-4.85313547204787,-0.120429094222381
-2.59450726033868,-4.85127063152127,-0.102739696787989
-3.53979683822028,-6.40903441520891,-0.144455033417507
-3.65469987559972,-6.29698076401953,-0.0653175931144439
-2.47573620792035,-4.76293549079786,-0.11450947627901
-3.67723615551404,-6.37665693983007,-0.0615079078135277
-2.65936284000368,-4.97831651650917,-0.120459038576426
-2.06328200734099,-2.11134247365729,-0.12151409237084
-2.61692672364336,-5.02884316438872,-0.0958783365585223
-2.03508782843858,-2.14844760030228,-0.100494196909085
-3.58918027087266,-6.35084939037137,-0.128371958533555
-2.62674101597714,-5.07418202551417,-0.105292656780743
-3.55661472957945,-6.41027615115734,-0.136006131344114
-2.69178528718169,-5.03098346139929,-0.072949723954844
-3.59622013780889,-6.41057486744749,-0.144259785380098
-2.49711420395856,-4.74093567088209,-0.100738816360509
0.450168652063741,2.095184056546,-0.104959031538166
-2.66338088841498,-5.01326144383266,-0.0813977892283178
-2.71452517540298,-5.05938523358549,-0.104860223939663
-2.66276229190311,-5.05402367081956,-0.123723773032139
-2.68183807256961,-5.09126917219589,-0.108024509985318
-2.72574722317867,-5.07369382612173,-0.11397607648121
-2.65376065452707,-5.10282308247771,-0.109470584803076
-2.6763897058149,-5.10711741764053,-0.124423690900126
-2.70447558827645,-5.05114655807567,-0.0966637786826361
-2.71345856365062,-5.09955175916,-0.107944619967763
-2.70271832345089,-5.16912284409944,-0.111959136371491
-2.70998854130654,-5.11662960476729,-0.11647754207781
-2.29786182344095,-3.1361031369034,-0.0920794230819793
-2.26496554098141,-3.12744380099879,-0.0786085306174107
-2.32541231932115,-3.16071432030202,-0.0915756253306512
-2.30249601313153,-3.1091490115063,-0.082850658121048
-2.20350760017462,-3.19602401995229,-0.080786412310226
-2.63139700183163,-5.20178175092745,-0.119537573107552
-2.60698127425225,-5.22939080463352,-0.130365027502054
-1.71012215760047,-2.07475219836196,-0.112692876445614
-2.62917499918685,-5.21745779495949,-0.13141655696027
-2.20894400296263,-3.19232667587621,-0.078663867239555
-1.7206855296478,-2.08573663471432,-0.118624029702996
-2.24028529223502,-3.13168387762089,-0.0744445964049361
-2.63392832331872,-5.08833261168411,-0.0441115467795705
-2.22296370836683,-3.22150245120225,-0.0815659564812781
-1.70195779238724,-2.05147385785803,-0.112558161692198
-2.59163814509525,-5.18845009368463,-0.121262423296896
-1.7389937033706,-1.79388533408063,-0.0753675699405889
-2.17458132090709,-3.20137947136675,-0.0693010096678932
-1.75247086295685,-1.77701232546133,-0.0744443969156627
0.703291875688489,1.90744637076358,-0.114272677654802
-3.51138868170724,-6.33098435258243,-0.0902191404942412
0.699479025648371,1.84492687813733,-0.101437808111907
-2.52401680339504,-4.89160291726431,-0.0751121884552934
0.701574274738661,1.80932451352433,-0.113489770227113
-2.66448591579304,-4.98132741912013,-0.0983959937016214
-2.60078346341642,-4.98210143149644,-0.0824278495087305
-2.05170696598725,-2.52333429050854,-0.0470120722613507
0.717276772592248,1.83722048566068,-0.109919654753303
-2.00427379954236,-2.51065713539317,-0.0495187375926167
-2.27209499502862,-3.33479385845346,-0.085809435472316
-2.14562639282344,-3.23234685712366,-0.04702688342976
-2.2019703264204,-3.1277416317967,-0.0587738815478096
-3.35919147429063,-6.47300705775754,-0.108764240060147
-2.18569199261307,-3.17223936557767,-0.088811349779103
-2.16235773975216,-3.13275293898712,-0.0806448630302929
0.714111956513944,1.88083716895697,-0.123451161916782
-3.72701952318719,-6.36946454630117,-0.109084707206055
-3.71770281420076,-6.33509190610201,-0.0955009090404226
-3.7269864879659,-6.30247573110185,-0.0977341673655785
-3.71557874530933,-6.28183212715983,-0.0833997166928639
-3.73169856947058,-6.3289813551935,-0.0715087769088372
-3.67893862068666,-6.38965752202726,-0.0909710880148524
-3.73840978368013,-6.38262041852045,-0.103701460455617
-3.6295691480742,-6.43081615357452,-0.0947954234734862
-3.63206103902912,-6.39771669400586,-0.0919722627223971
-3.61465117218998,-6.36785209862564,-0.0582313174694544
-3.60515032685389,-6.43073338733528,-0.104056127269647
-3.52252458518334,-6.3539807566339,-0.113083511632083
-2.31023263573842,-3.13600921100666,-0.0683099187071661
-2.29237048717648,-3.07792603842622,-0.100290987938694
-2.28514847984536,-3.13445864145974,-0.0784710584995649
-1.36216966861252,-1.90394877928648,-0.0921867578269506
-1.38405072705993,-1.89452575406331,-0.0932824494594824
-1.39212684269575,-1.83575889388142,-0.0621875696210052
-3.67173914340553,-6.17002289760912,-0.0728515114352772
-2.57118942161649,-4.59017648536789,-0.0906659940677228
-2.53093643970809,-4.61912067691735,-0.0799827035783418
-2.5358311298428,-4.63990387003246,-0.0681168316748828
-2.57883353788397,-4.54945201516375,-0.0942968649929055
-2.58510426987057,-4.65234318720884,-0.101016580444144
-2.60526266333672,-4.52131658429197,-0.0995720666081454
-2.59888008014591,-4.55504516592706,-0.084314744908389
-2.56654714046437,-4.52332134589572,-0.0929150683573143
-2.18023508372279,-3.12377163868891,-0.0972671652592734
-3.65720395133053,-6.24173314932456,-0.0802555216190541
-1.91433589520372,-2.99248121131458,-0.0798598764461487
-2.56316543016594,-4.92003381760395,-0.09197153129636
-2.58761635805591,-4.88485728736289,-0.0807782390882081
-2.62124420606614,-4.86501793596573,-0.0954126479634965
-1.68359009359189,-2.17239455705857,-0.122184637996759
-2.62425122633108,-4.90446689556416,-0.0794561550543202
-2.63432497801565,-4.93890975358787,-0.073784735531049
-1.6237195836184,-1.32956214843831,-0.0904152203666513
-2.02990371418524,-2.94663708577966,-0.0622304600957566
-2.14167472984638,-2.69048282133715,-0.0764699671891362
-2.63864891347455,-5.07774123784617,-0.103512867879892
-2.69819839686469,-5.08518148673318,-0.0903828222820413
-2.68994773062689,-5.04952324167719,-0.0840947556206333
-2.26382303425987,-3.16202116200009,-0.0723793149069409
-1.48233827165833,-2.18349967931084,-0.0892611720309653
-2.62192978222221,-4.94436351654945,-0.0642036444382019
-2.63925318455648,-4.93254632870053,-0.0736991285903408
-2.62813623408061,-4.9023206168488,-0.0758092361785236
-2.5694688013756,-4.93344313415532,-0.0842496665340111
-2.62026982599971,-4.91429233327633,-0.0810845051507221
-2.63566584988263,-4.9712240019362,-0.0866235375714093
-2.6627069487546,-4.95794166854069,-0.0711933758280971
-2.66944704730272,-4.94126438109707,-0.0833264944638619
-2.75236094283349,-5.58829953115944,-0.0946683227538156
-2.73745966289072,-5.54937364238142,-0.0342664930235972
-2.74122339116371,-5.61278505345142,-0.0925582151649871
-2.67563698357449,-5.13026691206497,-0.0750179458328493
-2.69925532191037,-5.17039734548001,-0.0814801503236369
-1.56440262075587,-2.11260177760619,-0.0946683227538156
-3.34989376606878,-6.47912020119921,-0.0979653658613608
-2.62833356755221,-5.06300782407669,-0.0809526234265334
-3.28500797745411,-6.38618330950549,-0.119462087203108
-3.28999581136604,-6.39187594019482,-0.119330204151201
-3.25882668801875,-6.3396085627675,-0.138584940853951
-2.64197515815789,-5.09453166550945,-0.077523702502224
-3.28904310516479,-6.35598994228207,-0.114714330264174
-3.3149520447167,-6.41965921059144,-0.106405850643087
-2.29313920072328,-3.94361102844959,-0.0660500430067401
-3.29538851495785,-6.38531569837424,-0.121703873113546
-3.29855227770277,-6.38768285986969,-0.124474350508151
-2.63369808496513,-5.07902875834405,-0.0678970907826841
-3.26467607506326,-6.36578572217991,-0.106930493987493
-3.2820058508224,-6.3411060099599,-0.116307483982734
-3.28794903147484,-6.28066854404099,-0.100101104739726
-3.3233953130896,-6.26612669861972,-0.0836156365168972
-2.40586266848804,-4.12995606054094,-0.0357425705953485
-3.25210591178981,-6.34984583282023,-0.121944357284612
-2.6409592180243,-4.88057067841593,-0.0840943024099996
-3.24187597762213,-6.35564901077908,-0.123655298924048
-2.62119465836391,-4.90122254698646,-0.0735402436893688
-3.2409813512089,-6.38312799016863,-0.122758743410111
-2.615065604998,-4.89304632247921,-0.0675003009276625
-3.26777214692463,-6.35904243893507,-0.135448325219169
-2.54105490009054,-4.85058219466284,-0.0538088107018775
-3.62596260826691,-6.34565688620007,-0.0551323850089405
-3.65723918298626,-6.37535078652672,-0.0371900652673878
-3.60451470210325,-6.39067039263532,-0.0291730072955696
-2.21469474925188,-2.94895765360858,-0.0147314581917564
-2.23907377001358,-2.92426888853474,-0.0107385747254496
-3.32928258810734,-6.1735188982298,-0.0381830880470846
-1.98423465255606,-2.61402213177473,-0.0342370146295372
-1.96220887637129,-2.46889898634049,0.0106517915984394
-2.04105981733285,-2.71975981961499,0.0318336859634749
-2.63791009015025,-4.96025910306107,-0.0344794700597866
-1.9762203592495,-2.79169490671101,-0.0148714350934172
-2.02071183222692,-2.57621340687479,0.0045235604107603
-2.04262682234986,-2.41761729744032,0.0215446848774496
-2.11311769360032,-2.28497674853363,-0.02571131437702
-2.05244634808943,-2.31188442926205,-0.03861237205867
-1.91756113603332,-2.25959578762109,-0.0254365486536898
-2.74303192784577,-5.20492142630508,-0.0139628929905102
-2.42997780396511,-4.26251134127067,-0.0235902588645407
-2.41647300832098,-4.25223888173562,-0.0142266519289305
-2.49216950620916,-4.33980954672884,-0.0090832815196269
-2.76178882453836,-5.27069541319634,-0.0113252079890769
-2.47096803645293,-4.38235845407064,-0.0163367135125447
-2.73653533930476,-5.2190879284345,-0.00947822308376667
-2.77096450090553,-5.20435932657892,-0.0098771349257778
-2.56546480417125,-4.46934350116733,-0.0144808039012576
-2.5427006913939,-4.4993416281736,-0.0188783996344413
-2.3886252817006,-4.06908377421597,0.00661269538131726
-1.68045068612782,-2.15693931180158,-0.0364869368118947
-2.48665085846912,-4.5792258388814,0.000248352396212903
-2.54296715420542,-4.75781249301768,0.049343361662763
-2.51846612692517,-4.78979092827055,0.0403918242229058
-2.59833949346041,-4.800134010097,0.00903516848643915
-2.56010570551864,-4.83813119973456,-0.000870598480146034
-2.57019027096826,-4.68234986108,0.0106362202242891
-3.5951230295518,-6.28393358364922,-0.0260112781204813
-2.70974800994806,-4.80266016686051,-0.0333040289102353
-3.658989814429,-6.39033117437159,-0.0317439137920306
-3.64826282652162,-6.36134405627709,-0.00219402549156689
-3.6432355236842,-6.35029438563181,-0.0106660482187693
-3.63330000307022,-6.31733150382772,-0.0123803256550397
-3.76363203913148,-6.36611898246747,0.0221726993929701
-3.74077140773358,-6.28209728200733,-0.0122484296278069
-3.77107451924238,-6.27701192265579,-0.0160729996276365
-3.7768183249351,-6.25434291160335,-0.0226670868696375
-2.30757068421439,-4.01716450736453,-0.0101375782811968
-2.64432919104657,-4.91580269595114,-0.0151394684213664
-2.63034852066116,-4.85665414156403,-0.00846252043883156
-2.62498980907575,-4.87179295497905,-0.00616946788043005
-2.62693713556491,-4.91810005572927,0.000137503586129739
-2.62234721122217,-4.92978995056547,-0.0218527844496064
-2.61571561062829,-4.96195836219464,-0.0266984483261101
-2.20522779251024,-3.60752622073124,-0.0163011001177804
-2.28127532440527,-4.0162498949197,-0.0282919781701645
-3.72448843471992,-6.29950082329238,-0.0333034836989015
-3.75957360864533,-6.33264269905063,-0.0355454716826262
-1.91558841219575,-2.61601170757322,-0.022618234620293
-2.2026783812802,-3.26303801190186,-0.0193345790910768
-2.17025100618639,-3.22906757049244,-0.0138774652721916
-2.2244660425244,-3.26950089957668,-0.0106350053520641
-2.20536542072641,-3.22526762161912,-0.00901593675758794
-2.23176842268984,-3.30355666913326,-0.0101623589760045
-1.1430374223274,6.28193019767221,-0.0297542819214838
-1.12652911081192,6.32634500817113,-0.0373843874493189
0.846919833566114,1.97822261130506,-0.0168291247275123
-1.52002022149839,-2.10750535377727,-0.0423050778487426
1.24425830642802,-6.08906834482382,-0.0259195795739653
0.672862183125341,-6.55991473945097,-0.0175110463159782
0.589469637763207,-6.43482684396602,-0.00509264780330554
0.875444492413486,1.96534543275349,-0.0189771807013603
0.868849001938475,1.97628912284173,-0.0202934642818333
-2.70542069038472,-5.24312948451594,0.0243007477744996
-2.69101054497788,-5.2430093768905,0.0289823014729409
-2.64414228798745,-5.23422951521423,0.0161303285891623
-2.07255919720456,-2.60241871668878,0.0322198989539804
-2.64980345581177,-5.25040291179262,-0.00229247358366824
-2.1025745084703,-2.61963907887286,0.0234244626551803
-2.04511991000392,-2.63127727358996,0.0231899014352834
-2.08327925188402,-2.57418854736538,0.0177629370806995
0.823346963122267,2.02915202519381,0.00365306174071578
-2.0791875141786,-2.54484641086055,0.0346941032313841
-2.73043651677185,-5.02564536414999,-0.00544918953029794
-2.70378961107752,-5.0541296597315,0.00143293642510045
-2.68635778051252,-5.05801494645714,-0.00692146879879552
-2.65092563621735,-5.03643953217983,0.00721139129528892
-2.71892889062889,-5.03641495522695,0.0117866140679825
-2.69037751730968,-5.07385476571788,0.0303906583923359
-2.667616073636,-5.08871970075793,0.0152242601225596
-2.62664338540303,-5.09196849963628,0.0270848940122026
-2.09127228473206,-2.65463873826263,0.0130385319777999
-2.6659709402099,-5.00469609315317,-0.0105412750803606
-2.60695991905713,-4.9825419883636,-0.00557885722100337
-2.64680050056887,-4.93775759605474,-0.000290435248975429
-2.58973990671556,-4.94783545159359,0.0061682449060958
-2.15087086626672,-2.60997147047657,0.0146086752614103
-2.57893283979505,-4.96713449035269,0.000234511655424319
-2.58494456870737,-4.89919258667622,-0.00807429001150783
-2.58149013510395,-4.88183724263492,0.000629971593180567
-2.59640827783043,-4.80391273366151,-0.00517283757538167
-2.56480491495633,-4.74367537551529,-0.00912929025925568
-2.62145475197073,-4.81227899046674,-0.00464531172677152
-2.1038145912078,-2.52708378230003,0.0474479704192321
-1.67159652656923,-1.41889278409203,-0.0132176094835654
-2.17028947452848,-3.15559254938855,-0.00055420355874114
-2.13026453545424,-2.58565347902171,0.0218505658526063
-2.10271674409608,-2.58622617253046,0.0155433416991413
-1.80040802372543,-2.00460507734794,0.066046000533694
-1.45811480889216,-1.75876133181881,0.082181135255607
-2.58675807203518,-4.82353099030405,0.0112640904373373
-2.57589415156732,-4.77196429248468,0.0115891322712229
-1.39373578535135,-1.86022253296678,0.00407187398602127
-2.56578203108783,-4.79786905488027,0.00603342690193176
-1.37781111056602,-1.83332332672242,0.0540383745477822
-2.60584027560133,-4.77994213101081,0.0239690020544239
-1.3568474319379,-1.86946200610659,0.0190893782552577
-2.6337613922954,-4.78223956510277,0.0266299878654346
-1.38155501124963,-1.90916417480061,0.00223186886960391
-2.60751003512925,-5.25234709521709,0.0215912004164591
-2.60943740935636,-5.17973656091486,0.0124525579248296
-2.59289062051091,-5.18849175146637,0.0373437949049691
-2.62065646131122,-5.17139621371058,0.0148278374429214
-2.63438807200588,-5.17450300713293,0.0158820340379331
-2.64228168137766,-5.14580085534346,0.0265646834213416
-2.00918169432651,-2.56762914851163,0.0409397913702363
-2.03501432993625,-2.57672695386625,0.0611176335279571
-2.16256564779884,-3.54290964107968,0.0404096213394618
1.48429014655982,4.9425307331061,0.0131127486188938
1.47614410880965,4.94964245546461,0.0136402135300213
-1.98193624291711,-2.1776574389469,0.0158814714564157
1.48313123992138,4.92679974528049,0.0127163100731729
-1.97142338454305,-2.13860453158022,0.0214240233277403
-1.93276736058631,-2.22388278328716,0.00978073666684498
-1.95428266931954,-2.10868915146943,0.0392245366393591
-1.96983829644587,-2.00229208534038,0.0145635972351605
-1.98638443730687,-2.12018930925069,0.0265646348587723
-1.99674744120676,-2.07625839661702,0.035400710386992
-1.96518085280989,-2.27257672468472,0.0580843669668718
-2.34322892339731,-3.89879647569846,0.0772072169920699
2.65118466412883,3.4378972220046,0.0340818931453857
-2.35551735835223,-3.95222025639174,0.086966464583722
2.68334834831139,3.38638335949348,0.0304008635352095
-1.93844481901912,-2.15981893687237,0.0360811529510423
2.66968210864676,3.37601189463769,0.0408288950259066
-1.92410458381743,-2.16268075802283,0.0175327157470362
-1.43355832794238,-2.19300771471745,-0.00612996984483716
-1.47709285675294,-2.17534307301689,-0.0142916674833928
-1.40784567313536,-2.17250606722044,-0.0053324360338558
-2.45685509212958,-4.37291648525612,0.0140839785124796
-2.47376531574898,-4.39210002707881,0.0128847834691526
-2.05804681458425,-1.95247852262914,-0.00636994827890836
-2.46426523439049,-4.4049462644571,0.0109553430166467
-2.46009704619034,-4.45087986250731,0.0176303105568663
-1.47483827931513,-2.17819441785491,0.0235627483469978
-1.470646735075,-2.15820846162279,0.0149480942261444
1.16642053201283,1.95614262919336,-0.00943907588091109
-1.96313726260254,-2.19451604660754,0.0228719476056067
-2.38655752737331,-4.1300673059602,0.0392729546681436
-2.38053239366598,-4.08956529159971,0.0475188161366062
-2.36881570606625,-4.07573132385763,0.0418624912357743
-2.3817152486353,-4.13566507979353,0.0520106404650928
-2.07433582063007,-2.1597052792834,0.0727600667089201
-3.88859476400801,-6.1481148719556,0.0397322576904309
-3.87987146902222,-6.12782778123769,0.0420717878466912
-3.78249844358901,-6.27445148958129,0.0626421287440271
-3.81425153403097,-6.1763572566326,0.0393802394229674
-2.21454351825881,-2.66847778041379,0.067092851829339
-3.4450065098675,-6.19594405821841,0.0293739898898668
-2.64648539677879,-4.94384970252134,0.045331678530383
-3.60654418242649,-6.17988478024196,0.0391331854047685
-2.64942501848743,-4.93723829028861,0.0510025405919292
-2.57676446104377,-4.93786278175631,0.044013061915896
-2.6906321924861,-5.04041025543025,0.0626074262780323
-2.70034308276223,-5.0965209417831,0.0676225141472022
-1.87483131712546,-2.69445230493686,0.0768311853482513
-1.92804974121399,-2.71919165424443,0.0825326307074072
-2.67816577425557,-5.04096784938849,0.0939684123342357
-1.94521742806651,-2.702248485433,0.0898800788808802
-2.63651158278383,-5.03032783146488,0.080242013618077
-2.70410485853498,-5.08098060672451,0.0680026819149406
-2.64818227822436,-5.09025318735355,0.0812050921735445
-2.66514122012371,-5.0330911483867,0.0696033591686089
-2.70717703037926,-5.07997998827547,0.0623148706029448
-2.667386916749,-5.07891003215611,0.0619238916839584
-3.73252390682988,-6.16450963623826,0.0487578007289038
-2.78056549741172,-5.09736340543734,0.0614184462618752
-2.73412343300335,-5.04768250955744,0.060138518588744
-3.72607647506645,-6.12596611644762,0.0598289971097723
-3.78739502652373,-6.1564592932995,0.0556210427593995
-3.74031318126161,-6.1567870763109,0.0659052395933792
-3.72892958213044,-6.14304016323724,0.0636632366671894
-2.71058968438067,-5.32214418607979,0.0657733444945137
-2.82475225226726,-5.32355129673372,0.0425621610407898
-3.74169652178585,-6.17617531589034,0.0572010324336982
-3.72550355955836,-6.15939199135227,0.0520576451854871
-2.84855651655394,-5.31260046820732,0.0593111400222617
-3.78028268999887,-6.15362405248915,0.0533764624282425
-3.76349760239057,-6.16511357588331,0.056409742088851
-3.68553411378491,-6.35443083731833,0.0536679377290235
-3.65098773643479,-6.3457388600952,0.0604586709673316
-3.67778432193031,-6.34376956433324,0.0549074467291664
-3.67015386130326,-6.33316534083962,0.0604179474153288
-3.64492029520894,-6.28807667022806,0.0577050230509395
-3.66961392009661,-6.22808706928287,0.0954891240005742
-3.70644245712721,-6.23669330862286,0.0459826905544989
-3.6870212775955,-6.29003154361226,0.049675395676789
-3.67983918500754,-6.33251716495607,0.048143534450712
-3.63259226585355,-6.342117339855,0.0429344551893818
-2.7030314908931,-5.17422931780097,0.0446232490351786
-2.17779280771551,-2.43398338925054,0.0757972804578055
-2.71211543362151,-5.15929338695387,0.064981869187593
-3.71956647008532,-6.32251300877654,0.0627398798743428
-2.69410384589092,-5.13075071921172,0.0461227826123176
-3.69352689357002,-6.3194905266103,0.0458601290416594
-2.69949782055745,-5.10576386887169,0.0583888928503291
-2.21175310912152,-2.37986435434554,0.0698626028645846
-2.2416537203702,-2.45835547450674,0.0669567654182832
-2.47127207522574,-4.56321462073702,0.0574779294372576
-2.23337417265003,-2.47930737694862,0.0694791663487202
-3.74946792179659,-6.27305511366991,0.0421174962551003
-2.43697913751079,-4.58985752070996,0.0586027117928236
-2.2538514430711,-2.50254195991982,0.0744285187090381
-2.3188907195667,-3.11991481746656,0.080820995847698
-2.36023673298171,-3.11936475244275,0.0697262771164835
-2.32598555965501,-3.04115335489526,0.0707857917742223
-2.35729770003355,-3.0879032496859,0.102831861216123
-2.34037567981433,-3.14093908788056,0.0796209751294172
-2.42429450095711,-4.1634968902515,0.0640589316636055
-2.34058848526729,-3.12994855519426,0.104150975851349
-2.4408979401667,-4.27100851228906,0.0581251462610426
-2.36590243050656,-3.15172701219194,0.0623453614387
-2.46217902505946,-4.27084361804496,0.0702538039399205
-2.35515403001257,-3.10453762716846,0.0709132125614294
-2.39904133854538,-3.09582175733428,0.0706661033517488
-2.35730197632717,-3.0959053479726,0.0744285173576948
-2.51307577776773,-4.55585172567665,0.0384661893769283
-2.23527730604696,-2.46659991163823,0.0738202622784712
-2.25732096192378,-2.4910752577377,0.0771432456949435
1.97419830784787,-2.70280256719319,0.0779345360407542
-2.11790480403321,-2.51279206782604,0.0195060696178557
-2.12247611977736,-2.48047674980022,0.0325563020392119
-2.17917603542443,-2.4792041094189,0.0451145933387502
-2.16441302968713,-2.59720902160152,0.132288344086906
-2.12672052803004,-2.46778535267957,0.0615705344417976
-2.18127377516316,-2.43710884634465,0.070807117161805
-2.09930683029672,-2.16277409898894,0.0615635442002023
-2.17336290932718,-2.40516079907491,0.0962486880787434
-2.15502150821218,-2.54271670818678,0.0242465274399259
-2.22966346251889,-2.51941862720106,0.0859271622676248
-2.22622130932461,-2.53192988452983,0.0748217199374954
-2.21512314604357,-2.46199369816775,0.0657452740987596
-2.51561550291334,-4.545470022963,0.046796752536469
-2.55312366092152,-4.58908114692043,0.0457504515780716
-2.55251463226603,-4.58620681121453,0.046432009381991
-1.65688767001393,-1.72704660800998,-0.0104090137920789
-1.65785036182704,-1.73703781976124,0.00122318964376378
-1.4445391372367,-1.99691281227321,0.0385196503884857
-1.45588583885304,-1.95365121886121,0.038796015549168
-2.64145782026864,-5.16924186489277,0.032467919374026
-2.64637925429734,-5.11765593705186,0.0290579852016022
-3.67968241356867,-6.3013770112113,0.0146638855660004
-3.48159141640296,-6.36202549566033,-0.0113000633392042
-3.47932273567207,-6.37513072092384,-0.0020875182722635
-3.47795922714783,-6.37037970258582,0.000631877733164199
-3.51428870065869,-6.39427690923659,-0.0106644500744937
-3.44475945808239,-6.3663650565859,0.00300574877062476
-3.45661379568726,-6.32974883570014,0.00874595875322104
-3.44957210712399,-6.34416756026084,-0.00220858824677972
-3.44390488687037,-6.30790167272619,-0.0126356313846145
-3.41399209281435,-6.35945028546594,-0.00824119113215005
-3.31860189861832,-6.42518134713533,0.00334308840631969
-3.30653473395811,-6.39543311529745,0.00875980492084283
-3.30302776409782,-6.41859504890372,-0.00957175482521322
-3.38645857852552,-6.30503178172386,-0.0253939742105709
-2.2236616039439,-3.4453702539444,0.0382298278307858
-2.19993157321478,-3.51606739079408,0.0367791288635952
-2.19950460167273,-3.47682047010709,0.043530765459882
-2.29908285287248,-4.10088989766472,0.0310486096507752
-2.30516663138056,-4.07828877706793,0.038565872797621
-2.86084790832792,-5.26983974846504,0.0204980755411681
-2.32806043385687,-4.06398527738393,0.0315761403825183
-2.82909125009765,-5.21229746284878,0.015090924844795
-1.79553476134093,-2.21327550628483,-0.00508697896836874
-2.8262945214905,-5.23541769105294,0.0183879679323005
-2.74922984103157,-5.18247534284259,0.0241907599874629
-2.73479844387187,-5.19244658873322,0.0152228208770424
-2.74670466195943,-5.1738774334548,0.014827107996894
-2.64899724349581,-5.02004284712087,0.0838015024936005
-2.6572693635708,-5.0273927521914,0.0954061511919126
-2.32360173485145,-3.45439996614521,0.0409167308072023
-2.29076314062933,-3.38376999298,0.0778520001556195
-2.30504829626651,-3.42071073465997,0.0445754468375781
-2.26960914416829,-3.40459314470675,0.0439394523620817
-2.27067879376601,-3.44933957356391,0.0448113266421342
-2.7063405989715,-5.1230864265422,0.0172508076786928
-2.69018870279695,-5.01513254749518,0.0389175915299949
-2.69044047730844,-5.03551948798523,0.0399982463058599
-2.68213597435924,-5.07208812991544,0.0304940588888207
-2.72300952107289,-5.16694123127984,0.0169252061352616
-2.71885014317337,-5.12404139342328,0.00408195454277793
-2.70250761452409,-5.12959167423107,0.0249699967833201
-2.73110292981992,-5.08842650040389,0.0377475318628209
-1.9570518211871,-2.24579872351626,0.0322326128722943
-2.59487159448571,-5.23656245927007,0.022080656306265
-2.63125987917545,-5.2426676142113,0.0227400648593172
-2.64936028054726,-5.24736041986636,0.0117938817355463
-2.59080543428184,-5.26032739924268,0.0160140969150346
-1.81100997198544,-2.32623620189911,0.0237951186488148
-2.61149369916783,-4.74869496707313,0.030655544746317
-2.59337897966839,-4.75119429732362,0.0353910950036935
-2.39009192369813,-4.24350478419793,0.0237674067030895
-2.05806650042795,-2.45692388471355,0.0422578696958054
-1.83257242026616,-2.15755192162359,0.127190340916124
-2.64966280171128,-4.98251680940328,0.0254992218551977
-2.64464637047051,-5.01528017551111,0.0406530213674432
-2.6790612784943,-5.0346510449357,0.0422437330303864
-2.6628830864061,-5.00314673357157,0.0366831501046039
-2.63982944517402,-4.94887310326104,0.0442942771822885
-2.63682420787175,-4.99864632619295,0.0415250764959489
-2.6346918649463,-4.97379210833062,0.0428806445747938
-3.38009780884907,-6.25860259017721,0.0530435291793108
-3.41887461861659,-6.21415712361113,0.0315485383739917
-3.39197810015814,-6.27789790946538,0.0377998527625047
-3.45279002878557,-6.27058531864029,0.021049486495232
-3.39533812319225,-6.296684823434,0.0265487665316204
-3.40263840342574,-6.27895490293288,0.0181637937549295
-3.40057133103703,-6.29389724705031,-0.00587543075320407
-3.36999327324581,-6.28174806877546,0.0158814678797075
-3.34811707718689,-6.28831692408661,0.0210257531143139
-3.38811887118287,-6.33044433195422,0.000715961501374096
1.5092136127337,4.93312265962593,0.0286623403558373
-2.61512436124257,-5.02626437369244,0.026707464479766
1.54826242065718,4.89339866142316,0.0379174110454179
-2.55699085090417,-5.07758916074032,0.0237637291534289
1.53765321405561,4.96064967206348,0.0306215788171218
-2.56455567589393,-5.04252635983212,0.0332675783954575
-2.5679628654468,-5.0763648731278,0.0485743036413844
-2.55853547371748,-5.10243124178691,0.0447071558410752
-2.54111645265549,-5.06463829995131,0.0480284304178946
-2.5957249684598,-5.00081572619553,0.0537768782056314
-2.54426958515857,-4.99861112196241,0.0419688021510614
0.931556287968844,1.83838491291752,0.0361313496181177
0.915951764684786,1.83419452633895,0.0297586849055829
0.961835033389592,1.86274524346244,0.0367717675854722
0.943127491565688,1.81633650282541,0.0294672095273443
-2.05199219384914,-2.51480198879195,0.0808268517374919
-2.7119125741874,-5.15542826319636,0.0578604413103514
-2.40725079244777,-4.16244167496174,0.0664327533899676
-2.72257045942574,-5.17561556046455,0.0581242044349974
-2.38797575061529,-4.0828585557832,0.0630038282341636
-2.72423248960066,-5.18582105948615,0.040583935189664
-2.40095511416255,-4.13317511155991,0.0626081831480625
-2.41852280953433,-4.0989266296137,0.068938505891289
-2.70134097887412,-5.19080210703826,0.0512663548410819
-2.38346012521904,-4.09676671149227,0.0702573231405392
-2.72356469921847,-5.1573936275036,0.0507388279422047
-2.40641245900287,-4.11681932009339,0.0668283983074704
-2.08295403124955,-2.61198058849401,0.0855556031582358
-2.0673228302993,-2.6626333712762,0.085028076261022
-2.69404601807628,-5.17185776416395,0.0478374300079121
-2.07812628791211,-2.661618538169,0.0736862479710623
-2.69163570040712,-5.19571440860799,0.0375506555124039
-2.01463344590865,-2.70202538037255,0.0929409797191543
-2.04448505076614,-2.69949843429559,0.0891164097142849
-3.6800152585789,-6.15570693717657,0.0449353560280517
-2.25305457064409,-3.25061748102698,0.0661683136406392
-3.62682413458694,-6.1548437845621,0.0462454332209787
-3.64175109210787,-6.16391540176439,0.0614563889571396
-3.64194906936561,-6.14575768991582,0.0556191841767959
-3.64865815828708,-6.14296798768124,0.0617788216974824
-3.64625408802533,-6.18649556499005,0.0464064012269259
-3.60792532016295,-6.11701287425011,0.0559677344940115
-3.61706729954744,-6.14752327956188,0.0530473449513362
-3.66165301272106,-6.13152381137709,0.0744351830481436
-2.55622477154001,-4.9268307067476,0.0482330762152037
-2.57383371997042,-4.95352201275654,0.0549590428184754
-2.58242227247379,-4.92928838759498,0.0599705488162596
-2.59802008441207,-4.95996323263024,0.0611574837738302
-2.58415861491537,-4.92401603518714,0.0575966789879481
-2.57833619611581,-4.96344040518891,0.0539039841875795
-2.56199974135262,-4.96592651530844,0.0503432019408394
-2.28088722278572,-3.22966715109476,0.0635222227632271
-2.25781542400976,-3.26467625556538,0.059276028181062
-2.25863875166607,-3.24836571676704,0.0519377087762891
1.5876811003575,5.05162895500252,0.101896267552702
-2.24091264673941,-3.27435246991384,0.0507416087812853
-2.22920514477297,-3.26835859285311,0.0790935980488456
-2.12440694242135,-2.4035824087475,0.0294934717400284
-2.14635776578234,-2.51565397178591,0.100698740917636
-2.3897793123561,-4.01420741897179,0.0874128961004252
-2.36025114927822,-4.06284385888358,0.0640464303829504
-2.30485630426556,-4.05278970326954,0.0706918263665082
-1.57400815301771,-2.17266987066848,0.0524532334004573
-2.1458802107499,-3.27106782843851,0.0879890220248984
-2.24563564607508,-3.36903756653773,0.0669407887345581
-2.42023963940935,-4.25489294049006,0.0448940795436177
-2.29235954805653,-3.01231459925696,0.0923411186515972
-2.29263824447345,-3.05557039020363,0.0956638764275186
-2.30240926792963,-3.1053985488376,0.0910772461772835
-2.27796682735764,-3.04419232177452,0.0761696797640397
-2.29200711695457,-3.03443198168577,0.0661375966809232
3.01377925986218,4.36373463657972,0.0505973052131943
-2.24003023434214,-3.44597534596543,0.0780026819888051
-1.731493509757,-2.23139392837686,0.0677027868693945
-2.56276572191965,-5.07899563316575,0.0799677872298405
-2.59200450108181,-4.81010780221232,0.0889385058962042
-2.61031822009065,-4.82394940765882,0.0837951186484345
-2.60646866740823,-4.80164225229408,0.101994796602081
-2.6279044411311,-4.79169337318225,0.0917080221065416
-2.60684118865524,-4.85274506674213,0.0963238824571042
-2.61952403575916,-4.82166284836616,0.0965876459057078
-2.60012888841898,-4.81251032235936,0.0955325921112935
-2.61646240547507,-4.84999501478073,0.0880153338260916
-1.99548222430785,-2.16096057033537,0.0392190958344305
1.58091176817796,5.02866767201231,0.114919205583656
-2.02315912231115,-2.16979014425941,0.0273496872482439
-1.97982154543486,-2.15816734432688,0.0351300186285892
-1.79211964173307,-1.78472748960104,0.0527925543017369
1.61918400615195,4.79810226675087,0.109897340924411
-2.6360072155318,-4.87310982417636,0.0817854997066203
-2.60301605592112,-4.90674366063554,0.0791562472456402
-1.99298733538517,-2.14821484645065,0.05330742928249
-2.0454572038368,-2.15260209678182,0.102173871340813
-2.07752782243584,-2.13545035285182,0.094443936715557
2.93868915766522,4.26649640823613,0.070574429981082
-3.65246100074028,-6.29835773012319,0.0985438484675207
2.97189150680702,4.26883344953416,0.073090675677276
-2.188440787659,-3.76950322289647,0.106595139323526
-3.48215497761992,-6.31512511916572,0.0553196153487887
-3.44694398380757,-6.32749947872216,0.0697844716911313
-3.46936282984529,-6.29938807887601,0.0534602752118623
-0.295693290690192,4.34375165786513,0.0724512435113196
-3.46374902849946,-6.33324812141405,0.0636478641564808
-3.41762907432548,-6.32958099502307,0.0683542073172771
-3.49188461978603,-6.30955673533944,0.0669266069629795
-3.49362812319368,-6.34364184850905,0.0812997211886077
-3.50571492812838,-6.38189641341371,0.0753519135983369
-3.57419432020562,-6.39343407028782,0.0832683352284533
-2.81254593285919,-5.26186679165008,0.0712665395639178
-2.72555284009932,-5.24765920798854,0.0819513473837814
-2.73123235243754,-5.22565388138445,0.0810160003357401
-2.73339060666049,-5.22321929308678,0.0848860079767042
-3.67215841794994,-6.26124839759437,0.0710877705141921
-2.68840469810607,-5.22016273820358,0.0763661665063136
-2.70450383760601,-5.19959106714479,0.0813928414783194
-2.68298251847774,-5.21319150008496,0.0786875135354941
-2.65975548672454,-5.25251177405501,0.0769278661702628
-2.65098109479917,-5.22861342964951,0.0764115712106208
-2.66260512470991,-5.20272927864754,0.0760161832367634
-1.97718306310772,-1.8521356058886,0.0620222449771324
-1.99334225736428,-1.84276353602885,0.0777139304020971
-2.10752363568417,-2.52537126781399,0.0809793953645734
-2.04823899161689,-2.48930361500153,0.0506468333199632
-1.95052621694885,-2.30195601561691,0.144546558176745
-2.44329242066638,-4.37665974401531,0.106300871665666
-2.45794013104653,-4.41527959570202,0.103531355131371
-2.57224472686665,-4.77813472490787,0.0912745279934235
-1.70140167676038,-2.24699402320989,0.0681863131683433
-2.53888445044801,-4.54223797797379,0.0983368995717877
-2.24540040745072,-3.29306362540869,0.103679105430575
-2.25208174246229,-3.31989847111389,0.0998147824718807
-2.49983247771991,-4.43478414703059,0.0953521661850056
-2.64311781321043,-5.2893214138151,0.095223482712876
-2.67675367790259,-5.31194846040986,0.0927168713389686
-2.69423183568595,-5.29966154237985,0.0964097958159407
-2.64552890232967,-5.22308562136947,0.13808433452139
-2.67203362384961,-5.28518460983348,0.0944315922766363
-2.65351033169334,-5.32528808604604,0.0881009216875162
-2.66231470003226,-5.36320052642397,0.0949600541426094
-2.66198068570608,-5.35089885056437,0.089152474930364
-2.66542267697991,-5.34811842075973,0.0837631748144567
-2.66570524921071,-5.33139504453064,0.0880486527375182
-2.66627680710658,-5.29832382884856,0.0934406653204123
-2.66269225585882,-5.28766033175037,0.0814751250567118
5.25378244836901,-0.139461757048856,0.100796727644199
0.67961903608848,2.02048683512734,0.086141066909933
0.619313705582082,2.05017126251897,0.0770000217123112
-2.27506750887361,-4.16653514391759,0.103239290132972
-2.22933773436282,-3.73921865861394,0.112522376897248
-2.21826269215738,-3.81444730778893,0.122405056487101
-2.20971065874793,-3.71489040520711,0.084333598235609
-2.220856296759,-3.73355219853675,0.0854971776862448
-2.21889395906389,-3.67762544464645,0.0850207149896356
-2.34581655702699,-3.55790257701169,0.0840588769606161
-2.33871495634924,-3.6116508015384,0.0851139550608404
-1.54198950635998,-1.29914048649448,0.0817681131347425
-3.97937389617451,-6.00804506965357,0.110732652586504
-2.25725448277945,-3.10863501591095,0.109347646874029
-2.19134559236407,-2.49581975926376,0.103227511126657
-2.15373261802433,-2.48893929941501,0.110032977289725
-2.16876082851564,-3.08297224746477,0.104370588127597
-2.1957794304773,-3.00400846030401,0.0977395082009838
-2.16215688690395,-3.08883604743895,0.0933330052347074
-2.13274554922661,-3.09213566379238,0.105316077671123
-2.23750102025115,-3.11577437802943,0.120291283068599
-2.24325352473328,-3.11827703467727,0.122886575591688
-2.77418212648739,-5.16864378873974,0.100979381061643
-2.81148138682069,-5.2419520481441,0.0991332895832637
-2.18181294502537,-3.1573960868327,0.125905212002793
-2.79706841668388,-5.2519521071786,0.107309906669329
-2.69071736650574,-5.09969964822563,0.112057645185575
-2.54175621051788,-5.04539710465984,0.123795115089817
-2.13702556836515,-3.08983968291347,0.115618448183106
1.24422890071704,4.93188923690254,0.153686991723555
3.01665125760716,4.12937113770889,0.127970055484707
-1.89101468463298,-2.56077239472218,0.161599204828202
-3.75360070281081,-6.21454349818277,0.144148261202125
-3.7590362809971,-6.17712863365331,0.15420646699592
-3.8048119087891,-6.20369428200419,0.144264206714049
-3.82888538775324,-6.15565292919718,0.155893167919694
-2.22337716315767,-3.0790358882221,0.187632076763865
-2.24067548058971,-3.11836084812682,0.175232966416732
-2.17081022365152,-3.17365697203556,0.163182962235308
-2.17218336287372,-3.1267558218126,0.158462882540642
-2.14670003206816,-3.09365417820642,0.156790757217991
-2.16262318309862,-3.04454541132361,0.16904737684883
-0.760871812729127,6.06199521437587,0.176949675242846
-2.17795276004308,-3.20671476629387,0.182771472516213
-0.699649305358278,6.11041777053624,0.166929086260612
-2.18759580498859,-2.60832830595168,0.17188710236494
-2.08365281904116,-2.67348242144373,0.179310940732402
-2.09264721373635,-2.64145775825883,0.185773330198023
-2.09013700528616,-2.64430812739882,0.183927004231312
-2.07727322737167,-2.72412227235378,0.191444257538574
-2.11161491533394,-2.78848590641351,0.244460712446137
-2.13950005570818,-2.77768369575091,0.224150924928624
-2.07793644374023,-2.69463540753283,0.181816897589658
-2.08299145583113,-2.71693561304645,0.183267573884384
-2.06390450341459,-2.68001853449187,0.18616905634749
-2.0849537693311,-2.75918159503319,0.179442772966824
-2.11140346830022,-2.67986976211525,0.182740993311001
-2.10229793997354,-2.71773330431763,0.191045148436762
-2.0993980499691,-2.69417036289237,0.186973211767782
-2.08007796111798,-2.71242383092018,0.190209061243076
-2.07658592052375,-2.71471683778759,0.174743513795789
-2.25239950175083,-3.08352400702726,0.184583584734795
-3.97465878616628,-6.05126062359365,0.16955264918021
-2.25325284879004,-3.09717039747114,0.170212057801719
-4.00590134165413,-6.02842755038788,0.173376259662568
-4.00877250244085,-6.05751668331816,0.159528935684639
-4.00036818560821,-6.08237873841682,0.17601408244972
-2.05642764572814,-2.25536607546882,0.174566917421477
-2.01709793169633,-2.14594321467904,0.133760881892794
-3.73375805206426,-6.10410042723051,0.126771150504791
-3.72758664709622,-6.13356815423261,0.135529927028535
-2.62485196754853,-5.1105085616958,0.174035803342851
-3.56208352792465,-6.18323486724068,0.156363719968605
-2.60358065623627,-4.93322381020302,0.156495601716166
-2.15910438866077,-3.02839756510558,0.176145978638931
-1.94421225558999,-2.68284293145598,0.217952485242597
-1.94435456077746,-2.70851484196805,0.231404421121379
-1.91780851898496,-2.6351055689575,0.173508344152903
-1.85796178700051,-2.61921124721005,0.183927000372709
-1.88774574675568,-2.59294118338491,0.184454527270045
-1.86527842729442,-2.62042722535935,0.189861677965936
-2.0869700257631,-3.02108636423371,0.164672254316449
-1.896577948238,-2.59597018935246,0.177644785048967
-1.9355003122257,-2.61017458184327,0.169702094771018
-2.25223719351818,-3.17871106000436,0.182933989057004
-2.21625064482848,-3.17387315109886,0.158488665456006
-2.04252849058728,-2.28756282303032,0.163710070898761
-2.00033428394472,-2.27343952779286,0.168897497434226
-2.01768272907133,-2.31542237172878,0.185007641648269
-2.03850064368601,-2.2849547746998,0.18659533758402
-2.01497318870587,-2.27841705488587,0.192196901463619
-2.66375125403868,-5.23831570841141,0.161083391958888
-2.67912300120077,-5.26780370219781,0.16369769462626
-2.18311265663314,-3.15907182083556,0.167654146355313
-2.18959971562503,-3.14542024424244,0.162405946447528
-2.23139561085199,-3.09135112715789,0.186713368243145
-2.66654645880936,-5.28325281910668,0.15130914069393
-2.65387996339314,-5.32155961215068,0.163961686896679
-3.44016615779063,-6.17908562464232,0.16441502056733
-3.46735101187214,-6.20792589446717,0.146228214467717
-2.25221582480743,-3.32525166714119,0.167481190784869
-2.59387696695632,-4.72161119450803,0.173727032381867
-2.52801240377829,-4.43854480192873,0.164577226500192
-2.30513486870638,-3.79099461035829,0.176099956538243
-2.55974705364409,-4.5245194691244,0.18783742617404
-2.27885067516209,-3.89732464783944,0.242222468873112
-2.32209573705254,-3.87223132838529,0.238516330201783
-2.35044758852927,-3.987369871396,0.242199469503315
-2.32599153393702,-3.91376370998073,0.237422164234921
-2.25811908553495,-3.94321914372904,0.232459783380904
-2.29277792867252,-3.97063595919997,0.222704949555751
-3.64005494225161,-6.16042542871545,0.185011294110195
-0.725232755480157,6.0614756947514,0.229598657993521
-0.821077847399243,6.04885046530849,0.185120299216447
-2.39509780732031,-4.18900223570052,0.215441490963915
-2.43742631297928,-4.18425794464491,0.229947537590033
-2.38652317759054,-4.11273918776411,0.230343182771451
-2.42697455039109,-4.17229667578491,0.225331677245702
-2.43987515047842,-4.13352402311898,0.222957806208881
-2.39548425978848,-4.09783656428449,0.219001354479664
-1.79917319319375,-2.2936577625526,0.245114679643939
-1.78434347495463,-2.26239083894718,0.243396697753461
-2.08255730357216,-3.02112151199545,0.188724526278777
-2.16830946416427,-2.99701678400303,0.199723702716597
-2.170508055197,-3.01749961700736,0.195750333746581
-2.1828022198234,-3.00292372117974,0.200761838914319
-2.16178174284166,-3.003491642933,0.201553129355447
-2.17029524864774,-2.9858099449077,0.204982054161754
-2.15650514296577,-3.01886880027633,0.200234312093732
-2.15196094067373,-2.96652661815259,0.197596677605863
-2.15203806701795,-3.01078216603548,0.197596677606354
-2.16731843693658,-3.04425543825159,0.204850172442821
-2.16018587014654,-2.99013911940031,0.209729796242013
-2.15257463121581,-3.04795545667422,0.199311140022174
-2.13334876982289,-3.05205225443426,0.206300871410168
-2.16378494043144,-3.0224612038041,0.200629957265192
-2.15083481912227,-3.04170826425749,0.204322645545642
-2.16270524228507,-3.03588284707347,0.207092161755979
-2.18972980333375,-3.00368907953673,0.208279097274695
-2.16646462561386,-3.00331740426383,0.202871946578322
-2.15782455302844,-3.01268552280415,0.207751570377488
-2.18261664774324,-2.99340095495723,0.212631194176654
-2.16905811581456,-3.0326897028218,0.199443021746476
-2.17296825230244,-2.96045911004876,0.208938505896204
-2.1567533765516,-2.97633016110168,0.20564146278866
-2.16845871211865,-2.98430517580235,0.198783613124967
-2.1701048282325,-3.02834616106926,0.204058882097038
-2.15008137170817,-2.98931097276677,0.194431516223008
-2.00746319817522,-2.44236485719647,0.206300803702919
-3.57220667522868,-4.84299993195018,0.164479735447617
-2.06093686383033,-2.40550676942338,0.213365513626623
-2.05636829531557,-2.43681258254373,0.21337368287313
-2.0045642929367,-2.41316899272523,0.21663859298156
-1.93884621190196,-2.38530774193832,0.221567597685585
-1.97552248908338,-2.91744723815115,0.228589860250082
-1.97045309782689,-2.92537672778838,0.235499025839227
-1.9875153306979,-2.90030154871076,0.225584477511216
-2.07611818561069,-3.20874685755494,0.196563521637045
-2.08753380081696,-3.21055144034413,0.203751323125766
-2.08871313604133,-3.21718287138852,0.207899101881221
-2.0859236235777,-3.24000332610514,0.218672765342168
-2.07339667728207,-3.19382364326829,0.217720386177274
-2.07096688550606,-3.23334266123507,0.220641615936803
-2.54653594087974,0.939056488136885,0.319409368768641
-2.02607797575975,0.122655667959863,0.299099583224376
-1.90802160820525,-0.304938833785831,0.290131625972335
-1.5507050835008,-2.13358155706885,0.213903989325902
-0.873855331860334,5.16555109922737,0.213112694100521
-0.906499328649273,5.20905036743606,0.213640240460673
-0.794794597858129,5.11647196527882,0.230916678306298
0.600007852490334,5.48857096955896,0.237748794306405
-1.89149647863391,-1.98956134550139,0.206254849316287
-2.07981111451068,-2.88225147083729,0.240195650244311
-2.146881349652,-2.95178513984857,0.233829078570717
-1.51822255115903,-0.355256872293845,0.298967701499059
-1.39135181894089,0.660637896070673,0.238565871770523
-1.6046350541482,-2.03962725596938,0.175722132365272
