-1.1996438250581,0.12470670451556,0.248173826280323
3.95687630542487,1.56247980628496,0.16311011410567
-1.3014620609668,-0.0203661466452205,0.195289254835306
4.05505216681179,1.58407611494416,0.130930973376034
3.99102523176849,1.58940644573237,0.188695168620217
3.98526350504908,1.58283271784204,0.173265006876907
-2.80947912071786,-1.96871589644824,0.133172962689165
7.32376427487619,3.13485557178155,0.138580113385538
7.32917071395854,3.14200252153971,0.128161457165697
-3.08246410416698,-2.89264040245856,0.141085866147272
-1.31215603281702,-0.121777989291934,0.195948663456815
-1.54028341741065,3.49352261429295,0.17708957688166
-1.61007836013555,3.60635971202092,0.114050112665405
4.02383259581893,1.59468247476168,0.142009038217384
-1.57855332019615,3.75494885395877,0.119193499913175
-1.62911624844258,3.73014274384992,0.134491779932182
-1.34026181613188,0.452157938654485,0.126410842729395
8.04052046044519,4.69408536767723,0.150845113745226
6.04767736527317,-2.75049561342728,0.128952747511508
5.86715752907063,-2.60373033066238,0.134623661656484
5.67054059114094,-2.71128216211896,0.148735006156777
5.70729839461536,-2.65114770106243,0.134359898207908
5.90806714729226,-2.66084145289495,0.142140919941584
5.95400067515885,-2.69980750754859,0.131854145446527
5.95121228087818,-2.68962905272859,0.135283071305278
4.78805801007691,-1.06694005718556,0.135942475065624
6.11350538190067,-2.8864627838311,0.12948028871694
4.84012350455562,-1.05049811759358,0.126842586523653
6.04425972769769,-2.7971016998027,0.125524021967539
6.03797197176674,-2.73922510409931,0.140152334941374
6.04248623413469,-2.74945295881111,0.124456366461047
6.05103490381491,-2.76362472912398,0.17377790475895
6.11371749224432,-2.84031218865848,0.156746171669512
6.07324505038723,-2.84964048987107,0.15221112979798
6.03362404775769,-2.75038157723453,0.151205095960423
6.03495412854453,-2.72543001092145,0.156730993523245
5.99793475933399,-2.68050885996936,0.157129418252096
-2.53787796575956,-4.48155105486862,0.137046958119299
4.60466861367411,-1.02864890110613,0.139288947432429
4.62021957598156,-1.05534576664138,0.125426241124297
-1.43555968157294,0.320680839859108,0.0829730685825441
-1.42750507509233,0.311842830588417,0.0892543713927845
-1.46825430171554,0.343121338466038,0.110702205600465
-1.48792987082896,0.381031930851601,0.122011982681344
-1.4044826319628,1.55331783465227,0.235121051215123
4.84870820352565,1.75271279524359,0.118270345965404
-2.28743233459075,-1.1121571890471,0.162846351958192
-2.29729220105094,-1.10443774314252,0.15018570477546
-2.28781367990343,-1.10003967829684,0.156516027983997
-0.91591985117546,1.92428518555155,0.0672321005364742
-2.4243583496462,-1.58114020180705,0.132249790619055
-2.56142421359439,-2.65919157114245,0.120512317156193
-2.59342385464798,-2.63877848121614,0.152823339610131
-2.61356111631832,-2.52536700093793,0.118138446118761
-2.53151373234539,-2.66296963271344,0.120248553707589
-2.64256734408183,-2.3263525077548,0.136470005796709
-3.05279942645556,-4.29867965366511,0.143459737184697
-2.42321845182795,-1.71464588628928,0.133304844413494
-0.665660605744259,1.79898186753741,0.0830579074347209
-0.733709862351407,1.78370102252153,0.0889925851218292
5.91250139614654,-2.61582048968787,0.167537321325369
-1.50393930506164,0.626059001528179,0.103057907454356
5.75169646414067,-1.97488954849705,0.149347450671332
-1.44556339970428,0.874204207338969,0.240432627868369
-1.47534576356534,0.865469034228433,0.226453179580513
-2.46542027113698,-1.80558577257692,0.174070007735382
-2.47802259716337,-1.77448632118005,0.180628208833124
-1.29318481878408,1.29966593688804,0.212209933913105
-1.42284221626644,1.14333061137514,0.222892372777415
-1.37637099577099,1.26467159964308,0.189130651322586
-1.38510956437612,1.27114572468035,0.181877156494983
-0.88303940648928,1.79582064818737,0.170045585064728
-1.40427946988406,0.375353389496305,0.154349761213013
-4.78447726930843,2.50481429652071,0.228299523447311
-0.750788816184865,1.78523402414188,0.127278122632142
-0.684471831905238,1.70201591628637,0.203315204925551
-0.688119500798091,1.72492267490115,0.195493538753938
-4.7746594094582,2.58230613192273,0.250197506264523
-2.45438192477175,-1.46841846868222,0.202405194300231
-1.3780777973291,1.56624060524035,-0.0708427378444076
-1.33874108607973,0.286455659393491,-0.241172024285349
-1.47098238921073,1.56893581141791,-0.259201471577489
-2.85529541730106,-2.86328822377408,-0.238265656746322
-1.13152021177128,2.21412234330988,-0.229165817769499
-1.09257869547187,2.22987408108309,-0.22601060673657
-2.87142525883485,-2.85913033661215,-0.207174245600843
-1.14606933241324,2.24964234496941,-0.215219030783252
-2.8371035498608,-2.87119058509377,-0.193858155260997
-2.85353047436972,-2.93470225153905,-0.126432263637165
-2.83594230014192,-2.9135777662187,-0.131966987099529
-1.61610702276554,0.788007838392416,-0.139271462890667
-1.27533758041036,0.363942934394798,-0.105636760916663
-1.33129732789985,0.456414045808315,-0.0605906783796435
-1.31210125167833,1.50182690448259,-0.0902139127268355
-1.21132421575403,1.75898908146822,-0.124608948586785
-0.660697049664403,1.67338744839707,-0.135137768077707
-1.47264421366611,0.270786077411442,-0.0871766603898694
-1.49835958048774,0.425282546498274,-0.124762951815879
-1.48716420454753,0.44545599941402,-0.131093274582364
-1.47295623567554,0.42502269464542,-0.12489483354018
-0.520352531546033,2.50921274957837,-0.103266230754687
-1.44551684678761,0.39340055058332,-0.132412091825382
-0.833703547585941,2.01296243574783,-0.142830748043804
-1.57508783342291,1.7408784551598,-0.127400586026654
-1.51617215332612,0.712355695731897,-0.129021827814607
-1.53238197034975,0.730199349524892,-0.160073634259085
-1.77354765121965,0.722567411993372,-0.0947798317045272
-1.41071999922105,0.083797466710716,-0.12788209110525
-1.44153117639811,0.0872074635981308,-0.127090800759439
-1.49717910413228,0.579552908612777,-0.150697629409459
-0.588937747707659,2.34568638077841,-0.148191876647725
-1.52690389039351,0.411760170829278,-0.120760477992953
-1.75483065627134,-0.286518104306083,-0.126707558010733
-1.76499230515318,-0.285471555105095,-0.119430711874209
-1.72215494235662,-0.18118482975955,-0.101023497693986
-1.76514050664744,0.761290769608251,-0.0681849483428407
-1.73880534818954,-0.247930558654667,-0.102343009119426
-1.42630159275227,0.57160986251935,-0.146509732208769
-1.50956114486804,0.685216695001489,-0.157677144281624
-1.60851535304512,0.764308146821446,-0.172985640816588
-1.59161575534643,0.761161673449808,-0.15847865114323
-1.7555911390486,0.805702881669073,-0.149246930442148
-1.51854833895787,0.785371369792366,-0.136454403184866
-1.59072996411642,0.828940222336576,-0.146741177680405
-1.59964409874558,0.814995736381065,-0.138300747325091
2.27284716565697,11.1121507149951,-0.111396875562231
2.989275522061,10.4498890761618,-0.087658165119449
-1.76457447222199,-0.389503464162679,-0.116672144814858
2.80911832361334,10.0380434905467,-0.0912189574411291
-3.55457208417111,6.4541812608926,-0.108624583635501
3.49924510492704,9.1816363911488,-0.0634851488302017
-1.58014455288364,0.127728258285938,-0.105594133097266
-1.52079265583706,0.581418347478606,-0.155841016657229
-1.54820594362402,0.578477450999924,-0.155445371484323
-0.739213416582231,2.22524440502074,-0.136190639736262
-1.36069210767035,1.73511495007004,-0.162039457699413
-1.5192423825835,0.587376348549431,-0.142784725951352
-1.43661526428371,1.70613538667638,-0.123793757651894
-1.52475780700285,0.557214652395262,-0.155445371484323
-1.51342827246425,0.566669519663946,-0.143048489399955
-1.45309101595952,1.68130094387982,-0.123398112478989
-1.50234415487511,0.566247157312886,-0.15518160803572
-1.4917478200584,0.559286322496484,-0.150961392858062
-3.44052342614714,7.18987718967128,-0.0896363910577316
-1.30723362119474,0.439427255900303,-0.14951069387098
-1.33413578148417,0.490551518067281,-0.143312253875843
-1.28661034129034,0.484226514550721,-0.146081765225019
-1.33586124718701,0.483999534244478,-0.153071514755117
-1.29971925902932,0.516951560720272,-0.150037477035463
-2.59347006709494,-2.11664092341208,-0.112274025545186
-0.818817508687911,2.04027553537433,-0.159092037670902
8.00203911095581,3.33556015146016,-0.143529994203291
-0.888257134559959,1.88170548775531,-0.121373864520591
-0.870686285966588,1.86495903008785,-0.131924402464734
-2.1669839996671,-1.1740825125596,-0.12506655280104
-1.26358194683724,0.143534924269071,-0.156464961633587
-1.35821071826055,0.173295182131358,-0.135774618067629
-1.31419638178752,0.175187851705719,-0.1303671469771
-1.33656809710082,0.18138224845765,-0.164433841068197
-1.57782984691316,1.88178820854019,-0.15548221011085
-1.2744175342933,0.175265902794281,-0.145109055345186
-1.46888577396332,0.447231165065529,-0.136672149399055
-1.44487029676158,0.472670878036475,-0.134430156529392
5.18946494916844,1.02721593467155,-0.176692484713734
-1.38454434454748,0.173951225992954,-0.150224569063975
-3.03209341666759,-3.72059961376049,-0.147440423838473
-1.75701198397804,1.18857940489907,-0.127658165193205
-1.74862744183461,-0.0240655826717955,-0.194654081138512
-3.01271008137815,-3.74034868739557,-0.157990961782616
8.33009456269045,4.50181000646861,-0.152715692810542
-1.75377163370483,-0.290548806119745,-0.160232951095756
8.17945858036283,1.9552353752139,-0.133460961062446
8.19788059873665,1.88390127428945,-0.141769509693634
-1.65454500077229,0.920259708631671,-0.0957427879049761
1.35044333768472,-0.36568480924684,-0.138600576148795
-1.45512782468388,0.621852114127759,-0.168773529845566
-1.49894951617568,0.487549106159126,-0.182654851414057
-1.55701498615758,0.225939004657064,-0.160888370125815
-1.4390364588491,0.464151143901053,-0.138052973903096
4.04655836688405,0.344526136493025,-0.148145854527376
-1.3514942845102,0.263245672890984,-0.158036983876348
-3.85659205080615,-3.73579297543276,-0.151322917443903
-1.57529022999414,0.941476116756971,-0.14811814258345
-1.61283982219409,0.99021545765529,-0.151019540636666
-3.91614864465927,-3.7070877245775,-0.136720221107074
-1.5237020323108,1.78043308061667,-0.165239668248237
-1.53846658536161,1.17518496768511,-0.111219224441587
-1.44356657017159,0.384943286838053,-0.164378255518702
-1.74510786959848,0.751982025074615,-0.161024241442986
-1.5187061277576,0.650748865050606,-0.133323984787756
-1.55454072132823,0.689218933280025,-0.145116095396749
-1.53258728102391,0.649818817336658,-0.146695408347166
-1.56188246918865,0.68356130017903,-0.146958851308225
-1.55105716740945,1.80102261613041,-0.161993453752559
-2.72999299709532,-2.1964770192732,-0.0939026283340463
-1.55188701083347,-0.112546255329084,-0.106299509037201
-0.524608110550334,2.39882823878081,-0.14454519128996
-1.613135657432,-0.214486845973879,-0.0991917772142155
-1.65079838249181,-0.223350132040408,-0.113237441261537
-2.75114378763588,-2.23538136118937,-0.0903215478252504
-0.810307608613391,1.80957380700001,-0.00215324588731214
5.0732847434886,0.182079948908976,-0.0938036286847928
-1.61914400975961,-0.144095701186814,-0.0771064505402916
-1.44482715577963,1.53020929747042,-0.0877611582571567
-1.54896546599234,0.959744239228729,-0.117126214230574
-1.63962171877632,-0.17508211428571,-0.102485299544661
-1.64504541057002,-0.166658376249592,-0.0969357087003233
-2.96453952235355,-3.66103894222918,-0.0799232189522969
-3.00998590624743,-3.6625695425321,-0.0731971976085843
-2.9999067496406,-3.64627252487502,-0.0882317141857025
4.16747694400654,0.672288518883003,-0.0517004765527904
-1.56351061047709,-0.0911241008722525,-0.0971996714368051
-1.57507533478386,-0.0705892923023592,-0.0999691876471427
-1.59981110983869,-0.161734901851617,-0.113421123525925
-1.56765466761343,-0.121221066140469,-0.106695155586534
-1.59898764206927,-0.108665143152087,-0.11170666111
-2.80972966889887,-3.34924887853416,-0.102343058684667
-2.83984322679838,-3.36283318117799,-0.101947413444628
-2.80990367470854,-3.28095976449526,-0.102343058934776
-2.80949506845242,-3.2774293536625,-0.105903864306957
-2.77418792316299,-3.34947143525842,-0.103002470790946
-2.7094293224175,-3.24074653656057,-0.104980680164929
-2.72677790225646,-3.29499792594729,-0.107486494470208
-2.72764975416125,-3.32162290931107,-0.106431210992155
-2.73692266660988,-3.3631085025292,-0.0882323902295181
-2.72792009533764,-3.32453026203433,-0.104186879789636
-0.709976342132217,2.4864751328948,-0.135906369657179
-1.58343351273871,0.559831261199865,-0.121507910415072
-1.52294287142791,0.198409806899798,-0.108551862696412
-1.5751205895412,0.556757972492457,-0.125817607034537
-2.8339343268595,-3.44299202932144,-0.0807632537150191
-2.81526273879773,-3.46060292859995,-0.0725840103741204
-2.79877651010423,-3.33731350931002,-0.0710011769955949
-2.78428963529761,-3.42528702700848,-0.0707374812542432
-2.75653004448622,-3.40528441304776,-0.0570217686459162
-2.77393742695645,-3.4105155595478,-0.0619013914915534
-2.76596866881815,-3.42119100293172,-0.0596594020849046
-2.61434434161289,-2.33582565248436,-0.0844531662536405
-2.77414955265882,-3.44614381653815,-0.057153649348229
-2.76445684050973,-3.45389448094406,-0.0671766603884505
-2.69833796205194,-3.50246135706923,-0.068231714184664
-2.73558734984802,-3.5737725571343,-0.0537247245109853
-0.991696128988442,1.66053708675592,-0.108455640096227
-1.10332952209143,1.58415604535495,-0.133513167713695
-0.972076105893018,1.79019274496794,-0.0161384330850778
-1.27362163988136,0.250866577149415,-0.0674404238384729
-1.24349397643811,0.238360182357916,-0.0803648328200479
-0.978849901717041,1.73905570993174,-0.094608059044641
-2.79961307257209,-3.56551936634613,-0.0761446176423908
-2.78685674726298,-3.52352055115948,-0.0708693486703194
-0.970271833599146,1.71856869970455,-0.100278973189618
0.818776233955518,-4.88053658192263,-0.125995909428466
-1.15740287534372,1.72677715330971,-0.15210849084022
-1.20467538037546,1.76337378188654,-0.152899781186031
-1.2177148989354,1.72453912513694,-0.173605211901411
-1.06531899836664,1.76242812906611,-0.132326232194952
-1.183890622629,1.80152078801985,-0.14696510359245
-1.03690657206692,1.74192215463482,-0.143140533587699
-1.0509014641478,1.73710831920762,-0.131798705297745
-1.57187286840272,0.15109501300437,-0.0817925064124432
-2.75233224711926,-3.57065179363451,-0.0935201303603252
-1.09296334330599,1.66609264944824,-0.157428179065705
-2.86864636060189,-3.49243593149698,-0.0948465329791686
-1.18668140882006,1.61941191665667,-0.163425029616098
-2.85852949962523,-3.48774625020559,-0.096235009424527
-2.83512915422729,-3.46392104520954,-0.101037586906121
-1.04191725717884,1.779910885417,-0.141018626104799
-2.8033471032766,-3.25889647061115,-0.0869574644593798
-2.83279214141871,-3.32490391140895,-0.0898675846383856
-2.80934327819369,-3.27202013797278,-0.0949703340545891
-2.76196700907938,-3.30229173610703,-0.116092926807438
-2.770870063095,-3.31650800588335,-0.10470523709522
-1.18022671748797,1.63080470949033,-0.162359616685483
-1.25376913765743,1.59436965762941,-0.168413023005278
-2.49530302635726,-2.08624398966422,-0.104321081447136
-1.68431159865137,0.823669728840186,-0.125382955863931
-1.17339973065147,2.39271235510272,-0.09186257464021
-1.02314735257608,1.73756306863596,-0.108541485143273
-0.682744704947993,1.84740656105549,-0.141511930802213
-0.665824326221475,1.88996525434089,-0.131884564928175
-0.613007053753563,1.86465739342085,-0.110783489039889
-0.661414701790857,1.86365426247924,-0.120147091465316
7.92163931547452,3.21254228832385,-0.0933751014320532
-0.629719694394865,1.86538468461102,-0.127532468026216
-1.63344128925799,0.885679330694848,-0.11302547835302
5.07220472346848,-3.75054628370632,-0.101551768338764
-2.74554616030442,-3.38351861555013,-0.10377912863673
-2.79088282317945,-3.40581067771417,-0.116461082181212
-2.79655049259813,-3.39233097416226,-0.107150533367875
-2.78361647782504,-3.42563568637641,-0.106569058766118
-2.81805243729691,-3.4564421024287,-0.111743301495697
-2.812712320347,-3.42449087388435,-0.0929466224221549
-2.7847634734372,-3.39365303986843,-0.0980732876302659
-0.585123098495668,2.02024581957753,-0.133421128406849
-0.380474356006621,2.39709423631786,-0.128439465137071
-0.452220587342577,2.41821742417095,-0.132714287055358
-0.352592334802281,2.4394776867464,-0.114422217258674
-0.395801281173124,2.4300276920382,-0.138787460830498
-1.38872899504429,0.311675129019487,-0.113816715575443
-2.81457108502,-3.41149820942647,-0.0966721587739667
-1.40379620304642,0.331112897613739,-0.0971996676227174
-2.84238851484061,-3.39805293390701,-0.0902099410707919
-2.60244806149365,-2.27693536793066,-0.0933751024540348
-2.57786625493023,-2.22363795229424,-0.0902099397749716
-2.57092697000185,-2.2082970757711,-0.0966721446129708
-2.60142540088633,-2.17787663330575,-0.08295644521221
-2.56349493559308,-2.12767564221429,-0.08783606900611
-2.58973474837629,-2.13646906854429,-0.0788681116851029
-2.34047616194175,-1.42541314657518,-0.0860317266661146
-2.32075889922014,-1.40530694700572,-0.0757175792972602
-0.357486482999013,2.38208467771225,-0.12321176950666
-2.32759593845602,5.1571938456764,-0.0786612476631667
-2.93755221198155,-3.57000565610893,-0.0752985972261713
-2.3048617277475,-1.34214149900071,-0.094561769955632
-2.82983319403167,-2.8651232420747,-0.0830883269365137
-2.79894620370127,-2.84288956840316,-0.0932432197077515
-2.84263517185533,-2.82404835327148,-0.0834839721094192
-2.82289071654353,-2.85744617104961,-0.0906055852217158
-2.83206505911288,-2.81403381887369,-0.0975953166097103
-2.82015201560514,-2.84280638462929,-0.0859897248711532
-1.37901482755097,1.51302642613821,-0.138610532867566
-2.82289313608186,-2.86088213947206,-0.0940345100535622
-2.81091497771705,-2.80497840919672,-0.0958808541937872
-1.44886862945782,1.5032402019816,-0.143885801839638
-2.83944924860654,-2.8240403736709,-0.0975953166097103
-2.83731330462438,-2.81981280226674,-0.0953533272965801
-2.8181727006243,-2.80615574308398,-0.0937707466049587
-2.82378920936423,-2.80105210041545,-0.0929794562591479
-1.81744664510746,0.437421990930809,-0.109992198694078
-1.75712609302065,-0.365993192994379,-0.115399349390452
-1.3329217547737,1.63741691858887,-0.147842253568691
-1.30056528462192,1.65182959309018,-0.143226393218129
-1.19615525739343,1.70201120413929,-0.157073974269816
3.15780106410577,0.739262611129873,-0.147314726671484
-1.01105956276852,1.76031086172554,-0.133599027344098
-1.16020280974127,1.9442421853631,-0.142039457699413
-1.10019266481852,1.85154779317863,-0.13148891975527
-0.97000337308924,1.72487200693618,-0.0993097790256336
-0.919885455483808,1.83242856086141,-0.0763623589971227
-2.84378097292442,-2.80839067716492,-0.082956445212212
-2.87513568259721,-2.80180412323008,-0.0961446176423908
-2.83449504377014,-2.85875700772233,-0.0936388648806568
-2.85142702880356,-2.83027081649017,-0.0899461766002068
-2.85843527539762,-2.81082099107301,-0.0890230045300944
-1.03695642446949,1.89696270731961,-0.1337309090684
-1.82528105495368,-0.415192933031345,-0.131357038030968
-1.4275502260748,1.54448471550986,-0.102870585581782
-1.05587067397662,1.85617838057998,-0.112629833180114
-1.06667810413512,1.84796527641747,-0.114739940768943
-2.8481555665923,-3.49664978532931,-0.0705595631278442
-1.0627264247753,1.8394489415323,-0.122389080778446
-1.04816819577306,1.85340164845257,-0.119619564568109
-1.07528385339186,1.83083046875862,-0.128851285269233
-1.0725855596701,1.85125477459352,-0.117773220427886
-1.03522383191331,1.89385003694284,-0.120938381811119
-1.43569257236141,1.5614549082198,-0.102870585581678
-1.04932852400293,1.82144392561528,-0.106299510131756
-1.01692244389647,1.75314003443363,-0.111047197806685
-1.40197782379848,0.309114934441975,-0.118735982051207
-1.85903916708765,-0.457720598888013,-0.109385002513787
-1.72794757292373,1.09717923890302,-0.141496749172495
-1.43310224146245,1.52467515174496,-0.105661410737016
7.6824322067113,2.83581654451101,-0.113838077643727
7.75546751759742,3.10421430541282,-0.115197413516272
-1.07841355305266,1.67394688485197,-0.100760423566643
-1.06524475135098,1.73452767431941,-0.098386621539005
-1.61883794596419,0.728676911058906,-0.114871823540265
-1.63666080468883,0.771911941164778,-0.115926876214318
-1.62759587327459,0.774691495371381,-0.113583654576447
-1.06805003153053,1.90691595990278,-0.121429658774702
-1.43621686469219,1.65547781704392,-0.109860316969777
-1.34084742313179,0.32011150901881,-0.0979909617826158
-1.28654375354064,1.69614131079894,-0.0895505314273015
-2.82348704275415,-2.7912045118258,-0.0987822521284265
-2.8575202513618,-2.80724838582682,-0.0974634348854087
-1.80550491820481,0.0977860065266762,-0.140282794294168
-1.79423321902866,0.122731706907109,-0.142966533043804
-0.399070566854759,2.4548463732787,-0.138878199590448
-1.81181343251714,0.0918175762092028,-0.144644216268266
-1.8542123325419,0.00689893628517435,-0.0519204572886092
-1.68352064561828,0.435010234370915,-0.11783245655685
-2.8457395518523,-2.77113362445397,-0.110891687505898
-1.45983291526828,0.228593370450641,-0.115771311305064
-2.88450746186671,-2.78036057527713,-0.116967481185398
-1.53224782770042,0.214389407827309,-0.119046014549617
-1.5092792409086,0.328555763312027,-0.094779782139861
-2.85246693928587,-2.81756180423721,-0.115350551225496
-2.84930543209558,-2.82106832186005,-0.112594171524572
-2.82636934236397,-2.8293421106418,-0.118611704721891
-2.86846372657703,-2.77103824207477,-0.119694407615561
-2.82968032478354,-2.76012224315378,-0.106539319774932
-1.76586757014004,0.418249150420569,-0.127376632214614
-2.86717131056365,-2.74444881460713,-0.102077109253845
-2.84616783006934,-2.77759921652483,-0.105808601049078
-2.80554634446783,-2.76949922760341,-0.0915163548676288
-2.80077121264506,-2.72545442517396,-0.120814138366109
-0.944754457682436,2.19387986605747,-0.0860792112419957
-2.72682004038702,-2.61154969415417,-0.105927230848875
-0.95465682066725,2.21708664938457,-0.114499542928491
-2.75354602829039,-2.61191052408522,-0.114688873689794
-2.79679839400616,-2.52735682434269,-0.118481650033534
-2.7447141711546,-2.55355447627209,-0.110655126863897
-2.75915347133709,-2.59551967835274,-0.0986494273439973
-2.78300200426412,-2.57120148207453,-0.0995737951664366
-2.74305064363668,-2.57667482457218,-0.0957489047608144
-2.7493600721055,-2.57632075765411,-0.102738721999964
-2.77412693991177,-2.6703841134915,-0.111442892800134
-2.75422558564246,-2.687380811208,-0.0999691889497145
-1.66160820923398,0.511264439679706,-0.120674618456044
-0.573925395333889,2.33258549378627,-0.133335263895495
-0.562797947500947,2.4148738879086,-0.139401823213377
-0.590628202580795,2.34785506265672,-0.141380049077904
-0.521226845257111,2.45703622441985,-0.128719403544932
4.17222153425599,0.1214369994706,-0.0906055852217158
4.17494951275652,0.197507215485173,-0.064493003809962
3.94424990597918,0.289520163158646,-0.0609321972538137
4.01297697339973,0.541605090799211,-0.062646659669737
-2.73835774675865,-2.95325019349641,-0.103793757651894
-2.47669967234357,-1.51545601826179,-0.0878360690113782
-2.31706984157444,-1.43608835748081,-0.0854621979739461
2.9350381766698,1.47320304460916,-0.0637017134655695
2.92424118911089,1.48811583011712,-0.0618553693186328
2.95496980057673,1.5627518592481,-0.0638335952082085
2.9649758795365,1.5637647654634,-0.0635698320150082
2.96548554240299,1.48551441371054,-0.0706912456376432
2.96426739832138,1.47610976555962,-0.0708240700550931
2.98688587282724,1.51307180971629,-0.0720074873950849
-0.950420576031025,2.17245185393366,-0.137170189221917
2.98683671694852,1.51711465716634,-0.070701800173816
2.94812990327175,1.4434652972081,-0.0385342651206055
2.97807002036236,1.49596742894069,-0.0410326859013117
-1.72250038671305,0.21994140947,-0.126053425970542
7.63758745808271,2.75356077254791,-0.106271167325274
-1.13122619292277,1.85834353127861,-0.0918233307314327
-1.42664907219567,1.87278020088389,-0.0922437573776222
-1.74431087445468,0.507427694326181,-0.0191338020471163
-1.82414225545177,0.371781948116016,-0.0823276092252287
-1.4134946402488,1.6457826466246,-0.0877633556565498
-1.40400252688284,1.67514531765415,-0.0726297665054405
-1.4147773147181,1.61970517564256,-0.0661678810812063
-1.42126843454559,1.66959018012971,-0.0619342796864986
-1.8609947714037,-0.532551580039256,-0.0643289227545207
-1.40972617941266,1.70369075271879,-0.080814138292244
-1.95823606414382,-0.580712165191362,-0.0651237329243932
-1.82303869987668,-0.58475674530082,-0.0645151822335741
-1.40468331218183,1.69160576514566,-0.0986725488277369
-1.92956268257632,-0.700115204536184,-0.0777097404304246
-1.40157415987855,1.70916001575074,-0.0866693182614682
-1.42736836542125,1.64815808602947,-0.0751950660692575
-2.048793556083,-0.712981946452659,-0.061991039442155
-0.481667157672229,2.35657357378713,-0.123118019797108
-0.541394025944877,2.32289089079116,-0.119350023700196
-0.538046281968848,2.29854695652469,-0.116684115028181
-1.56970811550281,0.144014111066799,-0.0812389848793726
-2.86852670005083,-3.67869157901838,-0.0463999861272977
-1.48461510434031,0.342477361651513,-0.0337707465851955
-1.44949330604335,0.188153765079954,-0.0325838149204982
-1.41398604137671,0.228315155640167,-0.0319243881550961
-1.4334688045872,0.215782646261181,-0.0290230579343886
-1.36885758441523,0.233246198250254,-0.0331111386759106
-2.30695277948592,-1.37203484055435,-0.0411877145051589
-1.65314698880725,0.0935627519905351,-0.0301030475027428
-1.77632602732327,0.404698983318975,-0.0419075759751379
-1.80181367849207,0.452649976579155,-0.0185645107736871
-0.662750545115815,2.42845591881145,-0.0176413387034873
-1.02676992016635,2.31350464358017,-0.0223787216426614
-2.83960032604128,-3.3675850735721,-0.0508294567074503
-1.28564996494977,1.64720311997849,-0.0691610708868835
-1.28090179779458,1.6448904477528,-0.0844593508105733
-1.15067420105823,1.63470809768463,-0.0716668235788402
-0.716012539447025,2.22180043718061,-0.0388280749344199
-0.670401401869919,2.54861839784986,-0.0578164667996877
-0.724429191459661,2.52469503584249,-0.0460941714830958
-0.707682405233163,2.58712172970074,-0.052137379501052
-1.48122169097701,0.13587099540173,-0.033994673544288
-1.44649098025208,0.310388383467049,-0.0403249952834912
-1.14285140266737,2.12305318518942,-0.0143442421970115
-2.52941198553909,-1.7938601506244,0.0220654194470407
-2.50829153644309,-1.76207701221891,0.0139716143077753
-2.54495521610408,-1.88291522566703,0.0240456885999822
-1.17470184701243,2.11342972798569,-0.0123346766528041
-1.31749701783154,1.71502513503789,-0.0471375666057969
-1.12845357467842,2.11844357199901,-0.0261676286168877
-1.66606087690839,1.37060674977599,-0.0243219749272399
-1.6966101334353,1.34835153708877,-0.0446406858185953
-2.51934110855587,-1.59778130040508,-0.00493611503497782
-1.36215303978122,1.63689126655787,-0.0249804024827687
-2.61488299569036,-1.77240782636452,-0.00735028944915639
-2.62040367218119,-1.76498820795106,-0.00594011654535986
-2.69352838720255,-2.99629884920185,-0.00285159472587226
-2.71156368510439,-2.97803520004582,-0.00326418847380161
-2.69196366613193,-3.02078153805433,-0.00326895691159934
-2.6442674085624,-2.98939264104572,-0.00937144733502282
-0.846252636977248,2.01949875709799,-0.0694248332317111
-1.15366990330112,2.08879972018318,-0.026035697399849
-1.12562962669123,2.06715881114128,-0.0286735664307201
-0.658091329984932,2.39150845432487,-0.0320063096576089
-0.647326898579164,2.3899036028196,-0.0293050781272244
-0.67967952800495,2.35273874826036,-0.0474985081035537
-1.15485265481561,1.79762804050068,-0.068369781419074
-1.22575691743068,1.89753457650137,-0.0641495650340616
-1.02908314045719,1.85519726718899,-0.0667871988206261
-1.07965063700328,1.92433467680985,-0.095007311057786
-1.69049847811233,-0.244085785091341,-0.0238136771122959
-1.79145068343492,-0.280038593831812,-0.00562457327012167
4.29284902909417,-0.485662985805876,-0.0233360472329356
-1.59939307584047,1.42761829965625,-0.0272227359815809
-1.59888325741894,1.42326424929039,-0.0208923597186768
8.1574851832232,3.77784787435659,-0.0350037042175462
-1.57535506878667,1.42700034066409,-0.0220792952359712
-1.85076171917721,6.76472549381706,-0.0232662307546871
6.27889084037652,-2.83353282322748,-0.0242899106412018
-2.42087208413135,-1.42132345244626,-0.0497672577253534
-2.38394630432523,-1.4686912337665,-0.0488986683750663
-2.77905190956645,-2.3762399360276,-0.061861553881239
-2.84330936969751,-2.40970812941358,-0.0481458545538531
-2.80526156114805,-2.45059266634897,-0.0637078980214649
-2.79561666088208,-2.45713922157236,-0.0514428976613703
-2.82430830995859,-2.46082296321081,-0.0501240804184839
-2.77174794907589,-2.386476780542,-0.0474864459319568
-2.83065049608592,-2.39869064152656,-0.0464313921393762
-1.60215809678132,0.0932302496569761,-0.0644991883618777
-2.82111301899323,-2.4088565560412,-0.0432662307748302
-2.71520548634386,-2.26370370826019,0.00407930931670131
-2.74114725480536,-2.34405193414305,-0.0466951410030478
-2.81082241893465,-2.39528119417158,-0.0473546186343532
-2.77452180540683,-2.3886440839956,-0.0521021031611513
-2.78667686691405,-2.36012391116801,-0.0412887629508729
-2.81439272761206,-2.37468326449524,-0.0546052299235471
-2.27584728846975,-0.824094789594019,-0.0205931325984428
2.81448156897858,0.8666382840657,-0.00686667172563848
-1.57407600071934,0.0554086543727461,-0.0385184889603785
-1.54379201061386,0.074448797672888,-0.0389141337775536
-1.545980902722,1.6432469271863,-0.0430024672309091
-1.53666248292901,1.66845241221933,-0.0577732204480268
-1.55539512979345,0.439321415659543,-0.0733352638954952
-1.52034996214542,0.445302276315124,-0.0639716614700676
-1.65616099452837,0.481899466713792,-0.0870509632228804
-2.40350253322365,-1.15498428075499,-0.0250665528010405
-1.64855077909404,0.442471905388282,-0.0887654256388035
-2.42827964015729,-1.13856929037376,-0.021769509693496
-1.55779651224782,0.401015249032741,-0.0945682215080823
-2.40649228633951,-1.13440791581547,-0.021110101071987
-1.60225467447534,0.43581805688103,-0.103799942209207
-2.3845503644289,-1.14883248689305,-0.027308542114171
-1.66803280683262,0.442851256358931,-0.091666823573443
-1.6803744831042,0.397294171774628,-0.0833582749424304
-1.47956233427323,1.74432013899344,-0.0428705855750675
-2.48154286325256,-1.28515305372025,-0.050123827731096
-1.37110765167239,0.442565072694072,-0.068452120616479
-1.51914862808149,1.7697127473502,-0.052580813149502
-1.47158160680237,0.4146113372904,-0.0723894842779425
-1.56306964356049,0.420153682506016,-0.0977422658409701
-1.37884527944387,0.428494053056377,-0.0789961722051093
-1.36233098053671,0.404093461068178,-0.0754765118761256
-1.41635835566848,0.402332351458134,-0.0755918640816864
-1.41809137397621,0.391311110012031,-0.0656112179924491
-1.33851429831253,0.436745789088266,-0.0533228601687505
-1.26892777073425,0.383122958631048,-0.0670509632031173
-1.19201895842216,0.367361313454754,-0.0394876828491024
-1.21843111873956,0.396414585330951,-0.0450267152630632
-1.23311631891649,1.75828487988963,-0.0351355859418501
-1.56699999641453,0.1705375195846,0.00574774859170613
-1.56076799101022,0.199593762179672,-0.00770418728707711
-1.57249791053645,0.304399384248163,0.00428922055759551
-1.57432279981239,0.248269463583458,-0.015961281537576
-2.54624840105353,-2.22895792539449,0.00622200023616237
-2.58094986465016,-1.65804793137888,0.0124610607123128
-2.67866666662575,-1.61980549561048,-0.0225091081626043
-1.69930604056022,0.287388548048494,-0.038071151630215
-2.5905208215086,-1.42132195694513,-0.00386792493466492
-1.63885254974124,0.252339903087472,-0.0103301294254525
-2.57166409200545,-1.46574333112448,0.00771337281932238
2.29586691569638,6.19692998401598,-0.0331677335160365
-1.5761016665192,0.0730335946732277,-0.0547860163553235
-1.5780291778136,0.290074221153551,0.0155069920819393
-1.18406072771711,1.78297950117719,-0.0226073806307525
-1.4893462686616,0.520604090883977,-0.0499038160087217
-1.51306978288082,0.571208026707889,-0.059279542569443
-1.53474952318093,0.484081737620348,-0.0490791674512923
-1.52608485293498,1.75762492353019,-0.0402763967554285
-1.52703687681786,1.71147682153565,-0.0386963924295365
-2.11433503115076,-0.708547902206061,-0.00533031626940694
-0.646859115637616,2.40344191600927,-0.05755547899939
-0.642242913774462,2.43017661056018,-0.0671828306376392
-2.45873321780089,-1.79237799644079,-0.0255305407612927
-1.52819012559863,1.73530162453697,-0.0449578189854618
-2.44148744697209,-1.75027225732176,-0.0218275405595876
-2.42381573012795,-1.75442552018801,-0.0144572009739212
-2.45458891617772,-1.73422807730838,-0.0205150208595082
-2.46660249132076,-1.75375253718884,-0.0185624685106631
-2.4512681847032,-1.7726025668163,-0.011083137319331
-2.45530218745324,-1.74293558955541,-0.0337212937323801
-2.44141898548156,-1.74966420147899,-0.0198859045299531
-2.44238052500018,-1.73704747080276,-0.0198826372997694
-2.45383975970227,-1.73007604940203,-0.0284558264508601
-1.5015308855062,0.382012487316445,-0.0578045746078271
-2.44386953214749,-1.73129455224471,-0.0127996292204007
-1.43174271143188,1.84131599683416,-0.0334595677112799
-2.45424487659989,-1.72683891468628,-0.023614004933354
-1.70734547680905,1.36462710017863,-0.0593814216404072
-2.44670370929654,-1.7291973562701,-0.0311681853317745
-2.45060083637168,-1.70664034255601,-0.0344885263648951
-2.46064287731079,-1.72044726765133,-0.0442246753269464
3.88682894691938,0.222089014083277,0.0108765163416338
-1.10043775670478,1.82136878119768,0.0097440378573439
-2.44811062178368,-1.82634241379855,0.0078976947645204
-1.04536743816669,1.93663426775305,0.0524631542735565
7.76408179209376,2.93021461716979,0.0264851839429767
-2.42046733340888,-1.80721847388947,0.0152239136069261
-2.47329893076612,-1.81350836704909,0.0191106380705277
-2.43752899670625,-1.79663080519417,0.0252834105255839
-2.46029444558713,-1.77444678647796,0.00688615760012246
-0.364043964281723,2.41346040488031,-0.0056002629530163
-1.41846012218123,1.7922842894029,0.0118081233522382
-2.43797373031229,-1.80084950424077,0.0038952198936586
-2.44871467606183,-1.81229148342905,0.0180065643963598
-1.38803210267074,1.88756751278482,0.00204887575584367
-2.45673250053462,-1.81017855166348,0.017083392317252
7.5476806196888,1.02851878871379,0.0385801132867238
-2.19625644462764,0.084910964712499,0.00640097302468035
7.89684240736116,-0.47491405164503,0.0348874302415096
-2.45487540450241,-1.81716466165224,0.0197220232497728
7.87627189547123,1.53266444024084,-0.00224179876696029
7.97214625916692,1.60945641155573,0.0257104487825952
8.027920728041,1.58671031014909,0.00493094278108486
-1.51009764028617,0.305254452561645,-0.00660902896097348
-0.875944548167794,1.77834938722546,-0.0217757657919386
-0.933254958008751,1.80669564831617,-0.014258435866793
-1.42549664516922,1.7184166563216,-0.015445371484323
-1.11566597784513,1.86853128386974,0.00512817750675554
1.7999276247828,8.67732040587379,0.0150193068293896
-0.994108948245255,1.8637358487347,-0.0199293501105839
-1.02369744833491,1.81906261831547,-0.00265284422707701
-1.13127938644451,1.84963710067099,-0.0312259000591519
-1.18285336087877,1.95672308734335,0.0171754365124699
-1.15831251077021,1.74687854377369,-0.00840961800255879
-1.24737729071984,1.67913841727589,0.0320780713582189
4.3103287956988,3.78119819969387,0.054847334881625
-1.91140387225365,0.740833046745119,0.0229322102807825
-1.03546883802465,1.82308116545619,0.118018933509086
