1.15540928327044,1.13771571165754,-0.0697009175376226
-0.0729617256890531,-1.59998994890756,-0.0631068313225334
-0.342660359665855,-1.65671325711244,-0.0529519385512958
-0.300574371199041,-2.12982848062067,-0.0915932837717193
-0.327058812371051,-2.16595341208721,-0.0811746275518783
-0.232116810071281,-1.41785856410238,-0.096736671019489
-0.131727706326386,-1.37049202400635,-0.0881643589398728
-0.243511816032878,-1.62462942237583,-0.0935715096362462
2.16900926875418,-1.10671517852115,-0.10201193999156
-1.51567797342936,1.59485435230795,-0.0533475837242012
1.96810448482835,-2.55915934777099,-0.089004447175473
2.01257122170339,-2.46573102848808,-0.0760460686254958
-0.449510157059958,-2.60986411667135,-0.0749769302438363
0.0629264367547915,-2.6498057166066,-0.0760312402988157
1.96627768618154,-2.4920402000321,-0.117837999594679
0.686048282311909,-3.56391679721621,-0.0863215342742021
0.824031105367835,-2.27710381694073,-0.0678548260158414
-2.4867419269342,1.97824449437401,-0.0585869675972694
2.02343760075989,-2.53824619761598,-0.0777431262858495
2.01735122628865,-2.440041198193,-0.0826260168726305
2.00789509860444,-2.44643634453854,-0.0755035284273529
2.00232853187535,-2.45061671217727,-0.0856586557428998
-2.47370425538732,1.99972211981019,-0.05954601148689
2.04055511967796,-2.37360048566197,-0.0875049370388687
-2.53888769349757,1.89144944302336,-0.0176076399916372
-2.55350158146307,1.83530003433838,-0.0252567755145348
-2.49298094584014,2.00067528826377,-0.0526881740739888
-2.43367388070528,2.05207411048745,-0.0463578562389244
-2.46503096456451,2.12050240353703,-0.0277625146274856
-2.44255239345365,2.09693765609617,-0.0277231246360969
-1.80635001013286,2.18184453377253,-0.0912901157495576
1.42983260903533,-3.86551100118034,-0.0834166167913841
2.38561835479935,2.16289443016897,-0.104020815177012
2.65876671882635,3.03004352518887,-0.0705878435079808
1.1441600508334,-2.2814861773186,-0.0764625483613721
1.15046407222273,-2.31607149654977,-0.0781901457286318
-1.89769645048028,1.89140691367032,0.00700802462284922
1.41031344690565,-2.48792803083796,-0.0602516547710621
1.19178717284726,-2.3995180770221,-0.0677686603675616
0.982720778541815,-2.34512448968898,-0.0529979749534952
0.817776718631826,-2.70275770460797,-0.0471951658031804
0.906947383465685,-2.57817400444899,-0.0588007562391839
0.960755309793599,-2.50473974632056,-0.0548443048591487
0.920223423727409,-2.49954132107017,-0.0529979606254043
1.04703419953326,-2.18363113047863,-0.0564268854755949
1.12565962047294,-2.33269888158317,-0.0722526923936084
1.46091961050516,-2.33740213223603,-0.0655267244538371
1.55746237918044,-2.47227513639664,-0.0568225306499197
1.48389693066881,-2.63311516426884,-0.061965917897687
1.82400795208096,-2.21445819772595,-0.0486458675770882
1.57885196801991,-2.34811775714276,-0.0660646104935434
1.66722675472208,-2.42983538663458,-0.0562563429065823
1.63720177034038,-2.60864802365786,-0.0665941807659696
1.82039551801722,-2.2944306958477,-0.0333867661568421
1.75746660704167,-2.27154402253881,-0.0412961501403952
1.67902490472307,-2.26979632627748,-0.0384533875459105
1.67508238012862,-2.23140729366581,-0.0402005915243726
-1.63796113688508,2.26337122029976,-0.064130425778282
-3.24124491005664,0.123825019453268,-0.00611744026128469
-1.65783120240857,2.25390547763302,-0.0660174116827656
-1.66315420840832,2.29460087585585,-0.0686095456815843
-1.65581385996805,2.27120848482501,-0.0717702445494262
-1.70677383348838,2.21918814757429,-0.0684741444823505
-2.43044751604947,2.20812787992454,0.0467904825573788
2.02308202645739,-2.83549847334883,-0.0428890899660048
-2.08184937480416,2.81760041068786,-0.00188204686347526
-1.72893670194972,2.22517628980502,-0.0657046282720097
-1.96684661340762,2.07790897405002,-0.00775192207024866
1.31956590021301,5.49179612467401,-0.016364533038896
1.53211640502926,5.22900394409894,-0.0138952391679794
0.143239201733698,0.915842012037433,-0.0363877388019582
-3.40719067438332,0.10890892379237,0.0194909656265561
-3.19807540529175,-0.170701638433327,0.000197587366037144
-1.92618923475329,2.08118415246174,-0.0522526923932283
-2.28379532453808,1.79820214198135,-0.0788928007021892
-2.22794262961219,1.82971410375153,-0.0995982314175696
-2.28971392468899,1.78557621327545,-0.066627800342123
2.23089722912707,-1.88697554595302,-0.0494831761828907
2.23035602521608,-1.89638225033037,-0.0481643589398728
-2.04044779649132,2.68683919973691,-0.0373500575471264
2.21178595927096,-1.90386531738961,-0.04869188583708
2.19591803699178,-1.87784232785903,-0.0428890899678014
2.22641369460836,-1.93033383894049,-0.0464498965239497
2.24185175451642,-1.89581841761924,-0.0432847351407069
-2.1245339555968,2.55714491037678,-0.0286458637432083
-2.12285445686958,2.63994200881831,-0.0323385520236585
-3.19971006910106,1.25143640107933,-0.00543468026609406
-3.21785284095861,1.28737454697982,-0.00187387370994574
-0.871564459963118,1.53978802643832,-0.0748044672488337
-0.840976846063056,1.57810873177271,-0.0550222086035659
-0.834859506088296,1.57736475555782,-0.060429359299939
-0.813101557296456,1.54665173936522,-0.0635945206831818
-0.840854883667609,1.55209812062882,-0.0501425848043997
-0.821166074700365,1.55603918815106,-0.0560772623979802
2.22407334817391,-1.8929731966155,-0.0370862940985228
2.20667371296081,-1.95476887310025,-0.0348443047853921
2.18400033197502,-1.89322020132485,-0.0360312403041059
-2.41385418730401,2.18114148526355,-0.0195460247914434
-2.92597784797647,-0.110847332905556,-0.00890906458509999
-1.56674339021816,1.65099491217895,-0.057215921712328
-1.58441443205177,1.63380590050242,-0.073366703851488
-1.67674514167692,2.22434132208346,-0.0506698628485878
-3.19615936051571,1.23137342458483,-0.00581932316386635
-3.19832370239494,1.30097812665342,0.00548923556180037
2.12915460692424,-1.9131535942427,-0.0505382289500458
2.13757369199668,-1.89939799143827,-0.0417021544434097
2.12129544233133,-1.92245668675772,-0.0479005954855936
2.13798150126957,-1.90262307044218,-0.0411746265245918
2.13754755503554,-1.8821604706163,-0.0494829768950125
2.11810626751124,-1.91774488714096,-0.0547591889074488
2.1433632440752,-1.89158725642582,-0.0587121211619483
-2.23465027088306,2.65023276165936,-0.0075677988284828
-3.33244168500031,0.133373652810772,0.0111336191814635
-3.29529540334744,0.103835467092311,0.00111412760221286
3.11057072401502,3.61399346688146,-0.000469210864546099
3.10445804525189,3.59920208099997,0.00902629010147282
3.06938481238163,3.54020331594907,-0.00838211458316973
3.09515609004369,3.54173857024055,-0.00732724932834206
-0.973265433593321,1.2658215472152,-0.0769598398981057
-2.31715399906841,2.5581916385219,0.0460850518421621
-2.28383484882057,2.54502307916032,0.0331606428604234
-3.33095128953708,0.254347989488935,0.0455574764083806
-3.33032986292389,0.263814060576609,0.0294681357204876
2.11150514033633,-1.90824678309211,-0.0450426966890918
-3.09003551742533,1.34278771240471,0.0186442373670939
2.10267090835925,-1.89691860541578,-0.0344595413870985
2.13303034127357,-1.9799210119272,-0.0337350342014586
-3.54246479173853,0.227763365412943,0.0148060724529191
2.16282072163694,-1.93854818765913,-0.0122206089547279
2.10753560689863,-1.92000585038094,-0.0107474374313163
2.06711165713016,-1.95033799470627,-0.0300327205385524
2.11166149372792,-1.88260614075053,-0.0195375168500507
-0.744143352973779,1.21584311106204,-0.0296187394230232
-3.53638109857197,0.241903204962491,0.0464770169019788
-3.55839585207892,0.248505327405147,0.057885033628301
-3.56633006067796,0.205347641829133,0.0343016239943541
-0.364569910954087,2.01808764670534,0.0233063532059983
-0.349793000573774,2.02417500989402,0.0216919740177455
-1.30516295174101,1.64154049274281,-0.0780700558986378
2.93995301280057,0.0364011313437036,-0.00382064016205153
-3.53504572699686,0.184445821628349,0.0341214126648568
3.03852398447666,0.111273703044154,0.00252836646533083
-2.25120641227066,1.73297383608642,-0.0293038963613519
-2.73863331927076,1.90717146680797,0.0285091195518159
4.73518741217873,3.59897536043363,-0.0275047510989463
4.72900515152034,3.64469015834684,-0.0131421913946499
-6.28992631944016,3.73973383155113,-0.0118416744526713
4.76902394114119,3.65398381907082,-0.00455752926294872
4.76699384737339,3.60946878563658,-0.0158993585797045
4.75427893807672,3.61005985901489,-0.0120747885754353
-2.03640257963425,2.83367207789544,-0.00614011105523771
4.72641632458413,3.64764670164517,-0.00829923852716075
-3.20836278900187,1.30560272096533,0.0217087251935817
-3.32480778603662,0.219588022515986,0.00485486995006035
-3.30965982347375,0.216300441572385,-0.00676404161912703
-3.64596859611247,0.20679408643947,0.00535321234536457
-3.58095434517999,0.239130107281889,-0.00525109147437508
-3.64750917127542,0.224888101410724,0.00408534044129327
-3.65356548131055,0.259389238851004,0.0126985875769494
-3.63837838409606,0.18554388395065,0.00131070444527692
-3.65421208438364,0.209878626998099,-0.00334776697362771
-0.778209962161236,1.60984313474502,-0.0525127552267981
-3.33539422481946,0.118572878354037,-0.017567798901831
-3.49887411365267,0.307760944122538,0.0196221038740461
-3.52817253994862,0.319586749427606,0.0134271810037432
-0.909295304409378,1.70164509408004,-0.0576641119416972
-2.33724573704655,2.13418602901751,0.0141200114651767
-0.936868837927653,1.66801173450208,-0.0629347216096094
-3.10664988122065,6.37437190301633,-0.0127341971768009
-2.48151164164228,2.10144170668997,-0.0107400312911776
-3.30576292907394,0.075859502010041,0.017467479657034
-2.4561358932622,1.89347606334798,-0.0149761825080605
-3.27345817392516,0.0488112313857183,0.0174659739156702
-3.40082412659896,0.154439993408896,0.0505586713324884
-3.31232958407871,1.41760727659874,0.0348751052749623
-2.43662943890941,2.0969228309508,-0.0143167778881585
-2.45879061716287,2.11154850798286,-0.0123385520236639
-3.82727053595763,2.2928071178735,-0.0168119721528808
3.50840030359822,3.95821238939839,0.00309160971823852
-2.68558701970736,2.06637761408426,0.00678449694374916
-2.29981201146526,2.55423553814949,0.0955681335671703
-2.21047247866706,2.59330240180778,0.0666754273228716
-2.45252511102394,2.02826968676386,0.0910506029788813
-6.28384507694932,6.96604237262292,0.0338138668311354
-3.53949829427277,0.289697973852214,0.0735102659645499
-3.56920815922722,0.294066845186289,0.0621684376513372
-3.56904136412725,0.277241255670138,0.056101878331174
-2.50690632229213,1.9000609193516,0.0677074700702132
-3.27805008596071,0.161427075712505,0.0510903728081882
-3.27637605049984,0.204409407613331,0.0537280072942239
-2.63497242596431,2.24763893408551,0.070872631453456
-3.30570606978155,0.177287441699435,0.0433093510743827
-3.27980487007003,0.208947202957478,0.055442469710147
-0.494002004636947,2.05865353002334,0.0529367169484132
-3.28231463842355,0.230901796929738,0.047397684527738
-3.23445242845073,0.204243763088939,0.0454194586632113
-3.35008622658534,0.183187653585104,0.0856433845752562
2.46671890222198,-0.386387938780437,0.0404079531397434
3.47419638260939,3.90824075577212,0.0640147817897632
3.45339738471381,3.91370489887554,0.0637510183411596
3.45400956001303,3.92569916839433,0.0601902117850113
3.43607652542911,3.92530849888647,0.0608496204065203
3.45070530218393,3.91764293553897,0.0650698355841774
3.49057046165528,3.8293512709792,0.050694727635181
3.5308472235933,3.85818419684168,0.0579482224722614
-5.73022744287369,-2.30315602242912,0.0606245164764438
-2.30245155831794,1.57476644183764,0.0659980477784048
0.440963082758989,-1.41709224157268,0.0679252113314275
-2.11096582977251,2.7427030704645,0.0925870938944366
0.265089057195983,-1.28040547585881,0.0786076311184472
-2.10430222060043,2.72328088040885,0.0834872548858445
0.222879909821449,-1.37466557789305,0.0855973624831736
0.143085580529839,-1.37458498949354,0.0937740293876501
0.181347062257123,-1.31499860604601,0.0912682766263522
-3.23912571819035,0.118664356648445,0.08849876004195
-2.54172115135557,2.19394482331346,0.0638894174030005
-2.48066160471255,2.17689583954201,0.019460420503066
-2.4246915864158,2.0177493274031,0.120414065128642
-3.58880681145522,0.326525449193039,0.0853335990308528
-2.36292016345456,2.17369391021716,0.0126667689424991
-2.46185040186782,2.21850420525115,0.0708266093595837
-1.95518058459992,-5.04867431838336,0.0734642438456203
-1.96607974026651,-5.04284517741717,0.0749149428129399
-0.951833708083738,1.37541602264316,0.0407575762187771
-2.44478527403441,2.10678999538438,0.0753105879858453
-3.44175306057892,-0.128686891151273,0.118567793556831
-6.02036522168133,4.69250847946067,0.0704309641866792
-3.40329065802023,0.204211875442842,0.0764975235045613
-2.44097187840426,2.23105659588885,0.116721449416606
-2.69073518162486,1.74733207589079,0.0838829000654615
-2.65918199539669,1.74956130893414,0.0824322010981418
-2.34120957196754,2.22557925741102,0.121469191491471
-2.46083772911673,2.17168582445159,0.0658151038360892
-2.47763368525497,2.13059720772943,0.0676614479764432
-1.99936648383689,2.62502634138549,0.0594847809958745
-1.96513237127735,2.5606075333677,0.0499892958926107
-2.03476083586546,2.55232284366718,0.0315258593515571
-1.94562894864334,2.54785403010762,0.0561877913614923
-2.00509735803062,2.53622458873661,0.0564405487007054
-2.05283619306263,2.56980260941525,0.0487018870652358
-2.0223539162196,2.56379805644868,0.0424949962773145
-2.03763648979479,2.60285811017222,0.0381761688760973
-1.98151064486539,2.53813145485183,0.0294900706806973
-2.05166112217445,2.54055498695005,0.0289246021151304
-1.97807100153481,2.52405528458864,0.0215591250868536
-1.95205813703321,2.51944572312007,0.055029434108234
-2.0183218981959,2.5265807802604,0.0617261768089443
-2.01585500450307,2.52804439996431,0.0706475323108131
-0.790751332124746,1.51515019686484,-0.000250950972340069
-3.3645182173102,0.131623652202209,0.0853796211213576
-3.32930340434858,0.106862511554419,0.0848520942492081
-3.35294389384546,0.121561065527749,0.0856433845015003
-3.31960482833716,0.126432222740195,0.092633116238511
-3.34892130639414,0.122194420063797,0.0840607895754091
-3.12536386601011,1.32553830159451,0.0636189373289797
-3.092647327812,1.33574295003057,0.0634879986450425
-3.10168623900893,1.33172686584002,0.0578135650255112
-3.14687859791485,1.30306500885119,0.0554528288459317
-3.3591430190027,0.116099479077541,0.0932538637636882
-3.12041681919791,1.30005482781002,0.0583052068237147
-3.11069515123829,1.32900707099161,0.0706212704290521
-3.11519698008587,1.33014775395307,0.0533214132455924
-3.15145814122072,1.30649438171698,0.0591665510693018
-2.36731864545814,2.60448317481442,0.0802939146448476
-3.14470781623168,1.33726105690012,0.0411133849034881
-3.15313746734723,1.36563636389806,0.0486306382958845
-3.11732914818292,1.31627794790678,0.0449379681892761
-3.2473589129916,-0.100330528087404,0.0623359680236986
-3.23591005491064,-0.120301874127804,0.0588242491316615
-3.22557568573234,-0.123718521056803,0.0680289482409016
-0.865162043899781,1.55651163986826,0.029586384004632
-0.813067366178821,1.52766812119425,0.0177576667425565
-3.49814508831208,0.383462350287526,0.0706548911274274
-2.53941550304822,2.13603090681527,0.0636651587845869
0.777663808756047,-0.756964712105279,0.0570710725877397
-3.36416113802303,0.16032241716585,0.077248977596595
0.676858303850228,-0.850369849360018,0.048894406871711
0.651049779065461,-0.75594400539875,0.0477074652828069
0.765202401510214,-0.750306279743053,0.0387877890220616
-1.96906535562905,2.70390125222087,0.0249049239301453
0.790578680730304,-0.672010349558258,0.0486436343044669
-0.862014629179267,1.45262651999627,0.026550011924986
-0.893954731544763,1.43475010364895,0.0436979068238461
-0.906841189799755,1.45816808688396,0.0597680467081341
-2.40994870990582,1.8537826154062,0.0111717002618537
-0.905614298906864,1.43131634233075,0.055000788135172
-0.422979391152557,2.08847311608865,0.0820364843841088
-2.06363526621649,2.76890394930024,0.100559077585301
4.42850399771719,4.38553041623499,0.0506041063083817
-2.03253917917766,2.67211676089245,0.109124549074739
-2.04572716090639,2.80439251196165,0.133557464747404
-3.54832559994893,0.633913751829868,0.142432202420449
-2.89808944847339,1.50655585372989,0.143091663119161
-3.34212083953483,0.270592031415524,0.143397714444417
-3.57812584564245,0.265765144374872,0.175849141305203
-3.45009338823897,0.327959162860057,0.165726990094835
-3.46866695408675,0.174510577563612,0.161699082583496
-3.42550235092441,0.197120887754139,0.166291912028291
-2.87017662513698,2.16360897185452,0.0851089293677674
-0.905837873309693,1.30898716365553,0.0735041490894308
-2.7696462203276,1.72806389494437,0.141159405948996
-2.72907538630344,1.73383092271449,0.135488491804019
-2.73019638983793,1.76166737199877,0.172547256332821
-2.47053372965343,2.18058123955391,0.0967152648592933
-2.60236856549611,1.78043098537185,0.0888023614011861
-0.914092191027889,1.29001949741438,0.0719215006905574
-1.81339706462658,0.614407411627254,0.116497523504561
-1.6945504889418,0.616087877261621,0.115046824537242
-3.27783860431732,-0.189399170377312,0.121245265579073
-2.89882091010976,2.03530602049458,0.0910589664485397
1.05018589883393,2.16489397249494,0.0768471465821761
1.1553459117708,2.00928053957979,0.148205518566646
-3.30900176588136,0.224755119040043,0.0860288927532957
-2.633987529699,1.86764138360457,0.0605398501522767
-2.66897401245662,1.88218701031678,0.0585643898629231
0.110569448127784,8.42997745428439,0.0816057989111854
0.121958606900161,8.43817469503776,0.0925779614327842
0.114983600788175,8.44459083692929,0.106236368502675
0.121858905821238,8.41954309136147,0.103010201500678
0.119907255031189,8.4331396816126,0.0914364082842953
0.117895134787462,8.33800915403648,0.0793731346701969
0.102528725466355,8.35800009348364,0.082320394033824
0.0943154517128804,8.35553580148606,0.0587704287816111
0.125367270128205,8.35529386647385,0.0700973845337973
0.11983909666219,8.34785643363611,0.0699552368022738
0.138807678236294,8.37186782268089,0.0693761774071575
0.118427550246196,8.4070024817324,0.0758380433366275
0.088074050345595,8.42191127111455,0.0775525964697823
0.105245694027305,8.34769919167654,0.0683208562290447
0.108172125727267,8.38146192829367,0.074914942911761
0.117150124953747,8.36626747823802,0.070430964184778
0.132613898470797,8.39872628469117,0.0746511793648457
-2.56818391015247,2.71183517656747,0.113424406584321
-2.59012675137653,2.69255329469428,0.0981261252627719
-1.98222746515777,-5.00057867075249,0.0590891348694429
-1.54691042904838,1.59032434508255,-0.0117167744424902
-1.53885293080224,1.55036566961928,-0.000596114934745318
-3.25094637390271,-0.113091548235064,0.0773125829382575
0.52585525696437,4.32783799990723,0.0825634938345263
-3.54041028407197,0.13915869422907,0.0988168745859483
-1.61014925086565,1.62134131626083,0.0608035983377064
-2.06704861661195,2.57810021567313,0.0274375230916828
-1.57383772023902,1.67824686768952,0.0643520024445974
-1.5631118223089,1.66502760922622,0.0609040869582438
-1.55161516451385,1.68118098164261,0.0767382759062292
-1.51917929268223,1.59731969259322,0.0444146015411404
-1.57547203378337,1.64951378682491,0.0334580449800814
-1.5191862167042,1.63930719070015,0.0145989765470296
-3.37481880178757,0.0430667064027555,0.10704806042142
-1.18337593314035,3.74255845284277,0.107433813592587
-2.94715178177891,2.07541703613826,0.102795576556785
-1.297775439883,3.7256277780195,0.105301329318519
-2.91381608942814,2.09876912233945,0.132502571638983
-1.01948472864869,3.50681178673238,0.114698538858242
-1.03777532725542,3.31908704386559,0.111031433291883
-1.11583092968116,3.59418362183914,0.0875524301198063
-2.78681193092474,2.28316720653603,0.129018966073019
-2.81160634112536,2.28905164683505,0.11321691754835
-2.77441898980797,1.95188793668761,0.0687640910123786
-3.26557122156745,-0.121002182594215,0.091749781429697
-3.27047963117873,-0.108596698836668,0.110476986280551
-3.3056826876987,1.4816568162306,0.118521771468253
-2.1391101149583,2.69507767024694,0.151096557090343
0.441815046807516,-0.548872101614758,0.0623401530779399
-2.38194688948283,2.05778176832356,0.0471730151384937
-2.40061080870065,1.98553901033086,0.0767751120211855
-1.93805684318923,2.77674860484227,0.0994847800620167
-1.91881383390043,2.79124450861277,0.0938138707532608
-2.52852665251402,1.79135878529446,0.0723741168330609
-2.47276453160614,2.67359234507697,0.15637182631781
-1.62086546703542,2.42594323886523,0.07974854452353
-3.35741668885099,0.307984496429532,0.0913541362567918
-3.49114243966594,0.239662871729899,0.110609120692137
-0.342513664016712,2.11000453998563,0.093223087944456
-0.310221805898987,2.12069765142032,0.0942072466682278
-2.32482481066421,2.70894860317915,0.161996718408441
-3.3297484456732,0.29331557325813,0.129421932486135
-3.29653411526294,1.2248145722444,0.142432201094738
-3.2950925698616,1.26182937873641,0.146256771097254
-3.2914823246496,1.22369998986693,0.139794566513901
-3.27674825664083,1.2082753136862,0.148498759046792
-3.2242667982513,-0.161391348464186,0.138753320228683
-3.24348186253868,-0.187774938323754,0.127458115229816
-3.23282074176127,-0.219980731750554,0.122286514601526
-3.26072199072517,-0.173200339708506,0.119711056679598
-6.03330240677004,-5.26186871891497,0.125286110399313
-6.07415125105048,-5.26711867649268,0.129747456056823
-1.90435047121332,2.6943223123279,0.147575588345911
-2.2015507376913,2.46758774727996,0.17157805833496
-1.61841987172313,1.64608226552096,0.140552290687271
-1.63622408455389,1.68997532134759,0.105816081263725
-1.63680133746843,1.63190389086252,0.133297442915718
-1.60596458480935,1.63700573147548,0.133808315480518
-3.29375740632796,1.25114302303347,0.150872830746602
-2.10429539137751,2.80892063890716,0.136353235540524
-2.52555244535051,1.65767791924506,0.156699462888627
-3.70013604972777,0.360504651354922,0.15639150009171
-2.45682640413128,2.26466986114333,0.139131476855464
-1.33999749047729,2.39138956752565,0.139761666365138
-1.49619641379224,2.41088331639194,0.094464096630388
-1.41671393858781,2.35689218410382,0.188992230846773
-1.36581681845409,2.40138281512362,0.128474634791204
-1.39504018832114,2.35229138571735,0.122210502050903
-1.90405492626452,2.46958075857033,0.164689354342859
-1.1751948504282,2.20077791389294,0.133824240368768
-1.205470767526,2.13271785685515,0.124714772727609
-2.44940955099016,2.16340773989807,0.140803598312547
-2.51015911849353,1.6815511464985,0.163596865389708
-2.24730500829613,2.07287955688654,0.211132388428864
-3.23431750583539,-0.00276134375434545,0.173247304584155
-3.1465118559037,-0.307990910941184,0.155454158504102
-2.50158325481534,1.71749198931396,0.151881663247554
2.65942833060243,5.13302157895435,0.166388652825396
2.80921521258012,5.13070775099361,0.128802361401668
2.77681573160187,5.15617314139715,0.151749781429568
2.7795276609242,5.2962113602002,0.162695964546736
2.78955067508191,5.27792266083907,0.162564082822442
-3.27807799648869,0.000543707862426857,0.152274532604836
3.66120622389328,1.37063462214603,0.12432874191071
2.79034932947527,5.24944160716526,0.155535690613377
3.71425455307101,1.05146390602296,0.135225905070902
3.08444069684943,0.254806378733682,0.1145905282553
-2.53365688669377,1.71627514295902,0.168917416635865
-3.23758044834201,0.044674073194817,0.134386672163246
-3.26824419168261,0.0724997453139915,0.129771754853049
-3.24285928902472,0.071749771174499,0.13082662366781
-3.40766840777359,0.154833903830377,0.161555052149185
-3.42782179635856,0.198437229414592,0.143882900045699
-3.32757370019699,0.0166925135390832,0.138080104196182
-3.3387766784985,0.00633803401417588,0.139135157990595
-3.37758869461915,0.0437749445347615,0.140981502125907
-3.47203311022957,0.140503090712714,0.153378384233534
-3.37763214920977,0.0833411414356915,0.128188789893897
-3.37172892511771,0.0510512317144656,0.147444396975068
-3.27944977114622,0.0506240325011653,0.112352222364965
-3.31085190497421,0.0486002745172049,0.0998490474035951
-3.42096858185712,0.0980590057482971,0.142300319373842
-2.21286879133405,2.53664130840949,0.143223491443851
-2.21530648667646,2.52000783196037,0.145465480757463
-3.55792604074163,0.324953158465953,0.168149137335571
-2.19618951591383,2.49388127151996,0.150476986285846
-2.19410068929956,2.49533336835333,0.152982739022522
-2.20956891602328,2.49666374574345,0.156016018774982
-2.21283567939607,2.46520674095994,0.146784297724841
-5.48887297513586,7.86164355560733,0.128321055885736
-5.46463024581941,7.91738288697906,0.134794009984026
-5.4834610510904,7.84691080134718,0.13449628686694
-5.4447815244937,7.88263947642891,0.144098605618052
-2.56316243188772,2.20948869446335,0.171002477375616
-1.00362697131342,-0.145113713082828,0.135068537323503
-5.49285202449647,7.92070364476616,0.133154511682408
-6.63664879524742,5.59586569673336,0.146603617162128
-6.56437297513981,5.50901291159096,0.154397730347911
-6.32034633788275,5.23633110161491,0.118178092818357
-6.51492755668439,8.33483038211874,0.166275652848878
-6.36635854864555,5.25224006161088,0.0932131775856884
-6.48017680635111,5.66365529430522,0.125530268825145
-6.34752873013266,5.76442415290575,0.140138251607326
-6.27430071822238,5.76188970866566,0.121895473912375
-6.29865588713361,6.00378992789115,0.119306944983389
4.35339476526193,3.8583838912468,0.028572249628809
-0.717909926491243,1.60056549887757,0.12102133966738
-0.753117691391441,1.63125817181578,0.129198006574091
-3.34318519501078,0.313425526153062,0.129593651746996
-5.42434544964626,7.9949156979447,0.138957254172322
-5.42630372888521,7.973636166274,0.142386179009566
-3.58780365601747,0.429459676558399,0.13908913692401
-3.28742371282586,0.295132297407211,0.174418808994442
-2.72355411354558,1.98120371550065,0.181376204263363
-2.7492862247465,1.95088191131243,0.174651111657085
-2.75984139313541,1.97515788386788,0.17834388578689
-2.46694043726506,1.67529077164722,0.177684459023312
-2.44592926045472,1.64044810436677,0.157374673480802
-3.48817332329078,-0.0303481163281143,0.197334835944242
1.99014802423911,-2.158750084554,0.164198907637479
-2.42934003755791,2.47918359750579,0.214838684532937
-3.25029544955431,1.46484632238083,0.201341327857414
-2.43606365948269,2.44615153573461,0.219051093070693
-3.65637826338156,0.152411613412405,0.206404177424138
-6.47680806875759,1.29338133544436,0.153131447231151
-1.97846151076981,2.96556389738602,0.174198563220034
-2.68280109391458,-1.7071488129685,0.209419156764189
-1.69724637767722,1.62608070720413,0.138552426505465
-5.29586383963467,8.95434421476179,0.159627611394364
-2.36924282025354,2.11951567219125,0.2057779886226
-2.38837319029927,2.06373634764902,0.208055912599882
-1.74727394068299,1.54253784916926,0.182122415555674
-3.39752988014199,-0.0247709038002544,0.191090372532928
-3.42493443754312,0.296090422606048,0.245115857604293
-2.97729351163153,1.9281417203227,0.303935106736409
-3.09518869576145,1.74910425506978,0.224146663508767
-2.44470284945618,1.98196005993141,0.188499936782488
-2.63734112079749,2.38061400710741,0.177677098771149
-5.31252917585487,9.01421799589062,0.176596443006384
-3.63007132517705,0.151229678259772,0.204555368558363
-2.52045327587183,2.11112214002268,0.243039120630606
-2.51724726325742,2.16997768660206,0.220098700077164
-2.48316027130183,2.05537643213942,0.263412772066185
-3.61732512416113,0.321265711930992,0.233317461452944
-2.50120227960029,1.97982016214949,0.225993411247305
-2.57996357601471,2.03030834197964,0.214659183782818
-2.58007977714403,2.03328422605153,0.19214614472623
-2.45828739423256,2.10269646282144,0.228151660647449
-2.43587795847177,2.09905069917535,0.220367439484185
-2.48346423067358,2.06689040019473,0.2185219526285
-2.46453985701013,2.10383361964107,0.228544733966735
-2.43476498001684,2.09341374221343,0.231314311727334
-2.43237011085254,2.08567315391687,0.223797040184802
-2.42609595813002,2.099991815057,0.236457686035051
-2.37358233952589,2.17145704197434,0.211004513159792
-2.6887595028097,2.19196139234841,0.189902692509701
-2.65814626287903,2.19372944286678,0.192660301589039
-2.63078175511809,2.25392154465213,0.201983266087581
