-1.62746655231204,4.42186980280753,-0.248739564325142
0.238081160033211,3.18080833187412,-0.194962307745128
-1.64549297197122,4.38359932695265,-0.215314625098844
-1.63300851464023,4.34953179326746,-0.198318608609899
-3.36767180264511,-2.45282934919248,-0.226052851271596
-3.38550195793571,-2.42504789495197,-0.265541907189087
-3.38749870163159,-2.43964612190935,-0.264094637490108
-3.38860257056249,-2.43181258950093,-0.262424661088667
-3.41054554184796,-2.44555063861408,-0.263430223281116
-3.40541946907703,-2.40885128729096,-0.263715585398797
-3.33910500832358,-2.38912240778268,-0.248128144380309
-3.33110203939634,-2.45131537775978,-0.175955072873722
-1.64764067601641,5.3127959486463,-0.225412698944057
-3.56595856664614,-2.60202434622532,-0.228071398434399
-3.61303259927316,-2.58731230434119,-0.141542725094064
-3.5791918885154,-2.59007205832114,-0.175050612776347
4.35937123215316,-1.99528484929834,-0.254459321078441
4.35231039922701,-1.97078957896479,-0.241342626889218
4.34073553724174,-2.03875378331637,-0.236878518707996
4.38392331413609,-2.02374124821277,-0.256893956981591
4.41668058500243,-2.08067272320471,-0.286800827918704
-3.49979691672564,-2.56968004144851,-0.151834467050945
-3.50914205842421,-2.46240316123586,-0.262144834159707
-3.49508384003312,-2.46377680875717,-0.269357805447867
-3.48698006605819,-2.45864780573307,-0.257849227630983
4.61416741875402,-2.07854761932732,-0.21842213209079
4.61811825368504,-2.10737209423288,-0.258683766390463
-3.4556984022296,-2.40592764254619,-0.323906682830835
4.57935744340541,-2.0733693227172,-0.227709284256998
4.63526781518394,-2.14428704346091,-0.241856678853434
4.60966613765184,-2.0646816129306,-0.212997149018446
4.51716941074808,-2.0365391845197,-0.186353856110344
4.59188669780976,-2.0608924238461,-0.187818473066997
0.809830903540211,1.11333169494368,-0.15497959062696
0.762073652189553,1.15411714307631,-0.178586490492643
-3.48496650145366,-2.59305432261699,-0.173662815506068
-0.946463324896909,3.87899217752638,-0.228451923284729
-0.973816744920359,3.90038240578177,-0.233607681100506
-3.50824224884939,-2.39936496328172,-0.142984226180148
-3.36174638755998,-2.45577444125735,-0.165244781874972
-3.34609886725694,-2.52304962013516,-0.141344774164821
-3.43207585066091,-2.56599961254516,-0.137952482985833
0.596058293329213,1.02968609392557,-0.153135273966744
0.59568411988905,1.03094471823784,-0.154409535073356
4.48010964186783,-1.91304757656749,-0.279120794796191
4.50191867089978,-1.92839767865576,-0.256773950476767
4.4946533688173,-1.95336667500913,-0.226035615866379
4.48453748473057,-1.96709795991981,-0.216253525474052
4.49390386336602,-1.9340003173852,-0.20267340818794
-3.49604594456613,-2.48121000157233,-0.142738079886944
-3.47241174045172,-2.63392106352484,-0.171681267362405
-3.48994975212374,-2.59174261903448,-0.160270352365786
-3.37226818422512,-2.49084415935473,-0.228742094603349
-3.47390692544593,-2.60053096517407,-0.18873070318805
-3.45128841841462,-2.59783873293564,-0.176742312825522
0.641569074592612,0.65762850410009,-0.162651958915389
0.647559623885208,0.588789463032789,-0.159864687086598
0.622604739058712,0.619384807435049,-0.153125343519101
0.603960280972357,0.620082764866671,-0.156588732868433
2.11286797656178,-0.445341838584515,-0.137597764568976
2.06714079668125,-0.466750730048528,-0.139583389715968
0.615192574827311,0.611057272949328,-0.141269762538584
-3.28912704929931,-2.12056969152669,-0.18861283297289
-3.33408783992542,-2.14020601207185,-0.16431053687793
-0.914768718733363,2.08424424560831,-0.168165045635415
-0.909899563199367,2.08419054756545,-0.166463729841519
-0.933325863113467,2.1833227212809,-0.116959076988343
-0.903582068092383,2.13921872481132,-0.154200719855144
-0.884930444766358,2.1224171646015,-0.171322245523895
-3.6437998663037,-2.48423492844965,-0.209213697746735
-0.915839761309591,2.10039611739104,-0.162395685619601
-0.926548836334122,2.0823792275292,-0.152367818156272
-1.12507875931001,1.49400215319893,-0.175517903128808
-3.38714493003522,-2.5196496453796,-0.0591656642482379
-0.666031390081967,0.870130547867918,-0.0391503280992216
-3.45945174325667,-2.4074226037993,0.00719823391243146
-0.660258862021239,0.897633517207877,-0.0555774668552189
-1.01331301243702,1.98984767286487,-0.0282058793155038
-0.985414971478509,2.07017068201559,-0.155973010780378
-3.65685444704348,-2.59876759920775,-0.180012745774736
-0.991040046058705,2.08662915219947,-0.147306078147893
-1.02096541641664,2.08123673285456,-0.125943601144834
-1.0024857159042,2.20957361179208,-0.0313419483327606
-1.00324637378353,2.17662255709419,-0.0537538219894185
-3.54408109738096,-2.56505804197557,-0.176956089409193
-3.52776568760014,-2.57853593188422,-0.17341236303362
-2.27131211299874,4.2336254613991,-0.10694397398552
-3.60734901524695,-2.49895630977076,-0.168789484948594
-2.24976393579688,4.26209237189777,-0.109706472461393
-3.56276856827433,-2.50404760619269,-0.186076981589409
-2.21905660672502,4.28961772374609,-0.11090439873739
-3.54763072328355,-2.53909696406787,-0.161240951159859
-2.20349870171269,4.28522290963441,-0.112049067995293
-2.27234732582903,4.23661015350127,-0.139202539233037
-3.6195413619802,-2.54535974771054,-0.219366536600416
-3.48192791868117,-2.64438250037439,-0.17239972882547
-3.52943832795931,-2.60776191184694,-0.151181360322017
-3.44862870408131,-2.36725349225899,-0.179355064846096
-3.50943373783609,-2.57597403414424,-0.221127535820115
-3.48530075122005,-2.60007088958858,-0.181989012071776
4.30224535955831,-2.18903852157696,-0.126366896617106
4.3719297384263,-2.28041471946265,-0.181446642872609
4.31985466602148,-2.19904624228278,-0.0918935774112266
4.20692231530938,-2.05128119483777,-0.15917540119217
4.38243178443061,-2.20946393004223,-0.194763221555044
4.33889398274397,-2.21931154999899,-0.152634556957653
4.35566120030668,-2.21574050444419,-0.172486689981317
-2.30415403677726,4.28443773097579,-0.152362952166753
4.32569839801273,-2.19651768032896,-0.103017275924813
-3.42300544693331,-2.71152293473619,-0.120177830031278
-2.03710733371206,4.12091080360691,-0.117154543490548
4.4345531473042,-2.18397374231029,-0.18151282494982
-1.80493053601271,4.53896037436028,-0.098197063173044
-1.75351996954668,4.53673680334158,-0.078581017430098
-1.78169817040967,4.56631061094739,-0.093814580323903
4.38984072208615,-2.20448029795288,-0.124015495189012
4.45115732562716,-2.20938259537585,-0.113699336396819
4.44130000155798,-2.24972498152538,-0.149505898197554
-2.06320085053329,5.54624885873403,-0.0847213383598768
4.36401703752724,-2.29388616372736,-0.121104492926336
4.39605336144118,-2.23188725573569,-0.0745335521116992
4.39665700201854,-2.21614670918906,-0.131361092607075
4.39331480085904,-2.22827959127806,-0.130149065755218
-3.05900003622129,4.05846543932947,-0.0630133387816232
4.30019388717789,-2.1581468359623,-0.135150054717096
4.35832859898579,-2.21193522743649,-0.135136427324124
4.31558141394101,-2.20450963346651,-0.124466246390813
4.37152495820493,-2.25789823648994,-0.118759572902694
4.36385923231923,-2.21737217105642,-0.147319118730449
-3.52511918877542,-2.63010854112759,-0.19769391472508
-3.44538481187783,-2.63050337677429,-0.201242582402104
-3.46250748880731,-2.64090901694742,-0.192332663162944
-3.41528952990882,-2.69053011874623,-0.189343133778284
-2.03177302044856,4.52037898806376,-0.0414470182608377
-3.50056015056845,-2.53467697600845,-0.182777938847298
-3.49367180717642,-2.58538297404054,-0.157725335344597
-3.53704017395683,-2.5650373184297,-0.13948609467901
-0.794306027526737,0.814041667208388,0.00347369446412693
-3.60913490065512,-2.67118037085102,-0.210156848552231
-0.737224036537965,0.796927242012739,-0.0276136690491688
-3.62500889396439,-2.51392178758517,-0.204310316736651
-2.21228929452101,4.03805592102608,-0.0489250618892325
-2.27459101391509,4.1971118266976,-0.0203961121474838
-2.27221355616613,4.00408118213682,-0.0655085054560685
0.651111682872518,0.5229185694297,-0.0929783444134133
-3.5142688455463,-2.48941707710179,-0.207035694372615
0.644278855801979,0.461176436294307,-0.0687843971869151
-3.48919603612521,-2.54242764880605,-0.140182500425424
-2.21926434577537,4.43074268637352,-0.0772075351380357
-2.20892379658262,4.41007636023606,-0.0761945279295539
6.06102442649232,2.45285368103604,-0.0401352441850813
-1.71537010787365,1.19713642696558,-0.0258577491184633
-3.50068968543845,-2.48852409921434,-0.152584393248683
-3.38648976399729,-2.3970885184821,-0.123531642687654
-3.38606146584855,-2.43672664079949,-0.0984744892476215
-3.39913370089103,-2.4341995144041,-0.12581171247908
-0.850840787082266,0.752984226598663,0.0110375176155642
-0.857044084989482,0.724264684863558,-0.0199474884058821
4.38962464306032,-2.16856931439037,-0.0932316357801724
-1.04343409372853,2.08223040607093,-0.0814318716589539
-3.52190867207241,-2.61311155326997,-0.0245491499306365
0.525263008788153,0.489946603880979,0.0123911662865654
0.567639840187177,0.536265257043578,-0.0112957977129953
-3.57444905667849,-2.34003100843951,-0.102594352522627
-3.46963524249047,-2.39748058656034,-0.0478357107259735
-3.47564347730115,-2.38362112450971,-0.0511689522058862
0.635597387176009,0.508276140377005,-0.0047303895906099
-3.52990506706174,-2.48126145954403,-0.0425450197786961
-3.56273350406574,-2.50602847902001,-0.0272089125786945
0.607248433022844,0.494488719105611,-0.0440590198346003
-3.44066928231191,-2.66261161917602,-0.0368190249309142
-1.66784023742951,4.54158936643254,0.00520856306685458
-1.67599974650968,4.56414853002098,0.00436843652887431
-1.62994743188069,4.54393882523014,-0.00270279894051262
-1.62999967562967,4.56118973693586,-0.000448809304793851
-1.68170264552242,4.59783848491714,-0.0150604254721083
-1.72209624786842,4.639586027265,-0.0781093900669712
-1.89978020645069,4.61063774917414,-0.0850879433751359
-1.98654794852195,4.58026581519555,-0.0402776162915055
-2.01991375198902,4.5661774545992,-0.0322638069590542
-2.0554079214048,4.57924282577275,-0.00125630545094157
-2.0246087772189,4.562193746965,0.00596611645568501
-3.63385493457298,-2.62706944011662,-0.130020202367421
6.12225719909738,2.19170736940888,0.0336085114724896
6.09586329920269,2.21559466124741,0.0368375439910225
6.13045026744786,2.07667334812462,0.0121688410938761
6.1074794217156,2.15194463123564,0.0337681068032183
-1.64188142268107,4.28653016084337,0.0439877995270062
0.642506782109196,0.867455266570174,0.000431715321450143
-1.65110324643585,4.31691950713364,0.0799656435345022
0.605418057816214,0.875322135574729,0.0105958565517623
0.612218960244512,0.826204003689583,-0.00188585438577205
-1.84874244442716,4.57854094457864,-0.0172216841195492
-1.90296048501642,4.6189869241512,0.0413430131256018
6.02976956363075,2.49964106068511,0.0298693031113464
-1.91859579357054,4.61238869010167,0.012664476753308
-2.06519207639853,4.47839266018797,-0.0222886052609845
-2.0573538222614,4.46690902577408,-0.013687382625388
-3.73299114941628,-2.61110023186248,-0.0825603007041797
-3.73259709025547,-2.58241021935049,-0.100516316210593
-3.69137365000707,-2.60970899859689,-0.0722238084432403
-2.06263614846936,4.45976343952976,0.00088965716232603
-2.19492098547209,3.912060451381,0.0440972201272509
-1.20785600859189,1.84810913356292,0.123885663329832
-2.22609423412252,3.92227428445046,0.0103352456842516
-3.74260505426828,-2.78916626232569,-0.0713386383986807
1.80611663211868,-0.650078742359232,0.0665529150087765
-3.59170523885954,-2.63429356810076,-0.0297411973723785
-3.57920723754484,-2.58635442297054,-0.0299089510015367
-3.63190469435172,-2.62598907268133,-0.0426833782099056
-3.63688805305287,-2.69391877964078,-0.034701213404027
-3.63267528350344,-2.70385103182081,-0.0178796596182718
-3.63145041802711,-2.73091921388014,-0.00809995691703547
-0.277274127711406,-5.83960551947956,0.0803926800894634
5.89926446236033,2.24061307536423,0.160280068006764
5.86638958067068,2.23020524205779,0.165094782984708
5.97868864186869,2.44640047933394,0.110895873180355
-2.04379865410137,3.95239098375465,0.138042413365358
-2.07509690057654,4.04439821069774,0.169325747512045
0.229293167643201,0.487689901762288,0.131848675570306
-2.19626246433085,4.57848362290571,0.168312943073017
-2.31591989235822,3.9517314601882,0.0684526340037035
-2.11842419845128,3.99091952446126,0.138325344810393
-2.05132330267444,3.91831256301362,0.199860060297559
-2.05187919525456,3.84886705657936,0.186209349915663
-1.99222565176262,4.38516140122128,0.148949902877345
-2.06236321997421,4.20986965474573,0.107633392535028
-2.45697317162637,3.95333675178275,0.0481216627065664
-2.13062720742459,4.43470479884429,0.144344366430611
-2.09499014858267,4.29915975532186,0.261178820225079
-2.14223510384372,4.29372333978974,0.239433313300209
-2.09414020607498,4.31807664546752,0.139587926867123
-1.27161229007333,1.30687531289224,0.165784093686276
-2.23802416518209,4.43405497875841,0.240516037298264
-1.28038715493721,1.29754466754314,0.189214046544869
-2.26321203530461,4.45555327554526,0.204077955372698
0.381143098066662,0.758180650747349,0.129087233767532
0.310270181546931,0.762419169902643,0.118018774199451
0.382292895069515,0.747118513367884,0.128619402067594
0.314596238612529,0.759139016200782,0.120238115889829
0.307500796713445,0.685171473251422,0.125478976152837
0.24050958771072,0.681404302593469,0.15607213577707
0.232520104484767,0.716655063799179,0.191730375592428
0.286378923609321,0.685516230234931,0.173974710656914
0.352049971290981,0.69060117919379,0.1046407203725
0.373938883685936,0.687411888581879,0.083694857964812
5.73716754307742,1.985607611327,0.166300396662581
5.77039236020594,2.00717163630007,0.187937566314518
5.78411185995871,1.9924829163139,0.172285778138809
5.85806938923452,2.02252009018778,0.156945600106566
5.79002071872909,2.22796585520019,0.247686037013725
-2.27002635923395,4.49465703470794,0.264789210266861
-2.29967013966057,4.4592915489836,0.265851368294792
-2.33799028840329,4.47054070188672,0.264985368340615
-2.29571346125817,4.4985440668869,0.25011645700759
-2.39361557995497,4.47030434996917,0.221906974622587
-2.36325048513,4.51798599327695,0.197710135813316
-1.33996119438764,1.36020501969901,0.168323263169309
-2.17549962615007,4.2498360916185,0.142283572335271
-2.14748465881316,4.23635045589827,0.203248765745501
5.73359704225746,2.0591159060954,0.187224075189838
-2.201783973866,4.20283938381987,0.19155585209059
-2.19991598983492,4.19690057140025,0.195537369539371
4.38159005484374,2.1492210836822,0.193223221552422
-2.19470956635303,4.28650304686794,0.229748434175701
-2.21021574508002,4.2402745896882,0.240258015151697
-2.21241676686239,4.21730588485419,0.23112160390375
0.218237248584613,0.754279925548468,0.178095065398143
0.22117656906801,0.710602590534645,0.162515619233549
0.202285727169855,0.666968913481261,0.165780832454611
0.216052800015623,0.633463602835235,0.179222868201558
0.222206801461194,0.688977863448756,0.180756981881882
0.543231157655747,1.07603906588266,0.235284490842684
0.483129789098443,1.02585742220118,0.177182792387537
-2.47257154731149,4.07758148664938,0.147679659794263
4.45419651843137,2.17992496659903,0.21685125816414
-2.17167935578797,4.10200088743599,0.162586915689385
-2.15641174551829,4.11866757460503,0.155687165563871
-2.11495840657664,4.14232249073861,0.191952888048093
-1.30903958788958,0.664826613666676,0.185370303281179
-1.30002693153468,0.67319567045752,0.227428772361442
-1.26747989689973,0.692960328627207,0.242784009926063
-1.32262597676264,0.697120961487865,0.24916897267424
-1.26803408743626,0.655754350272099,0.233514455028436
4.36930124112049,2.179657160528,0.244377009609931
-2.11802589281561,4.11249594134235,0.179415715924854
5.86235654237827,2.10831395257567,0.204009300947968
-2.13095757003925,4.11398437635654,0.253655700173344
-2.13603252667779,4.12491911392349,0.254513871252854
-2.23135729878958,4.18908445414191,0.30389553675555
5.56302972135384,2.25531544383059,0.210688900739449
-1.38638497874394,0.626618065340915,0.203204076099434
5.61514751392621,2.19278000829136,0.253681071615603
-2.25939068153983,4.22836812231333,0.267214759212197
-2.22349811398399,4.2575915251627,0.250291283149343
-2.20911354317932,4.28999616908396,0.247476988551742
-2.24398682662181,4.21437996141207,0.266368175058923
5.58740580723498,2.21524037096318,0.234702802555832
4.27655207315095,2.18170459095028,0.231788971129251
-1.45116734013889,0.580969218010123,0.288645033804961
-1.45538071232837,0.609394039622263,0.297347490798516
-1.4147070649714,0.570954803552048,0.271229436594064
-1.39983406757823,0.56372319001132,0.267517092665137
-1.41426827145427,0.577389930016547,0.29787847532237
5.55793130461117,2.17772242115117,0.258092919764641
-0.176906172387127,0.66395394514387,0.192765653210375
-2.26484293941581,4.07369877370222,0.3000048135184
-2.33580887163932,4.07652780917321,0.277616991796186
4.22866200442062,2.18708609867423,0.279994691336699
4.25536981537535,2.16667764135352,0.283996151686777
-0.900005470015268,0.303949794725337,0.371127052816685
-2.52494899210884,3.77361897811176,0.236835042984488
-2.00579404361669,3.89917770203249,0.31009248295855
-2.05907157589929,3.90607684296988,0.283729958189759
-2.27390010570027,4.32865694175642,0.318466567691204
4.32817615674525,2.11608622769036,0.332002389480375
4.29001418647506,2.13188776363418,0.329899726300997
-0.202092389332423,0.593106638804723,0.289897928941906
5.55082477141951,2.19673775012618,0.306119381031026
-2.34543845687296,4.0420469483621,0.273481256629117
-2.33331091879869,4.06463774605128,0.281987420662032
-0.161170966800183,0.639842474367624,0.246533097737733
5.66933856765885,2.0796215757046,0.264449644532286
5.67827087295523,2.04864531854147,0.253093584339706
5.75207613722061,1.99434506034351,0.262963289496041
4.19087379355723,2.21109629478514,0.338142586570183
5.72371285222871,2.03181023648973,0.307090932111259
5.74427431727737,2.02978534176205,0.301704798977195
5.82132451142443,2.01810113888687,0.340104639769119
5.58608606009554,2.07154432010758,0.285503088529706
4.25839031569395,2.07589107493042,0.310093564151035
-2.40019413272407,3.91776393143883,0.283687643116767
-2.41089691097394,3.93799996531508,0.242877958757231
-2.39214995336923,3.90767130340879,0.275992640099444
-2.3743371503416,3.97831432972842,0.29730000208178
-2.38898761919611,3.98289278447851,0.284951996220841
-1.40554807592004,0.539755494864098,0.348000495016885
-1.84870085019361,0.307228111552364,0.299784907542267
-2.60976074049107,3.82062902993165,0.341762432972854
-2.30085655872705,4.00541218652104,0.380577178736776
-1.42568171466321,0.320791028877339,0.447450644355953
-1.44616144373868,0.336842311986588,0.422805870261844
-1.45891363036087,0.315926669856378,0.403768685971875
-1.4087641180023,0.332025981853866,0.375071625565046
-2.51070023526909,3.76803312212059,0.417471669548894
-1.92774540989591,0.400123589026133,0.41351131555001
-3.1160024098945,0.444410077302155,0.0121195321588281
-2.71090857703778,3.90950569271058,-0.00421123298504922
-2.9268090616598,3.76853674930014,-0.14510237360211
-3.62573028075352,7.00258090713038,-0.15167527265978
-3.62601998726172,6.95557292198071,-0.15701930138426
-3.6635943161092,7.00461550648262,-0.127717532092471
-2.92645424436689,3.71285112081394,-0.131048537787669
3.40370028161298,-2.47808767556387,-0.168282564910461
3.73452489237993,-2.75281506626788,-0.0901062189147335
-2.55085956373971,3.50638881256179,-0.0479861877078667
-2.02966230012648,1.12652835117699,-0.0706341887539124
-1.96383965541285,1.10137403649148,-0.0609433568313875
-1.95280397753804,1.19278693910021,-0.00583723138632219
-1.99582670373711,1.13517436915367,-0.0867943349037881
-2.02433239703782,1.17098185537161,-0.0390705660514477
-1.99445310275461,1.10963281661602,-0.0902195777304717
3.67830814297983,-2.67853520381904,-0.133872428474363
3.73221070144948,-2.77510161999007,-0.103426941101115
3.69077508216374,-2.73004853961066,-0.0768797846350746
3.70232473429718,-2.76203291652489,-0.077297962708488
3.65246269835332,-2.67083497147608,-0.109563536203509
3.6616081974465,-2.69303079316541,-0.0894183345623485
3.64547888828831,-2.67258399495798,-0.0997573837947874
3.63327494283121,-2.67486939654946,-0.0857949941722138
3.71892002153456,-2.79615531790218,-0.0686774405970862
-2.91621414358848,4.43592504151368,-0.0921930837352527
3.7353341240619,-2.83562295911218,-0.11427269256702
-2.96567906737954,3.82512929137702,-0.0406125018317955
-2.78980944130967,3.99829115467555,-0.130336513316855
3.56400893351128,-2.59267573475517,-0.116752695713771
-2.89103318145329,3.99870702011394,-0.135236707718543
3.52403824747997,-2.5788220176591,-0.127983212881944
3.48879799427576,-2.47967834251066,-0.107243015279417
3.46486997330333,-2.52327069935696,-0.093371407517183
3.45328016245996,-2.48569190145563,-0.130561045775319
-0.92032297723358,-6.27807367414001,-0.103606454888982
-2.78497330125984,3.97817689300556,-0.141602569973486
-2.85973678514639,4.05458285731846,-0.103884010547556
-2.79785072980004,4.01494624251467,-0.0844958128682165
-2.79593368933385,3.99092043222501,-0.067112270240266
3.25876863499014,-2.38893055752539,-0.0999745330971837
3.27426300488794,-2.39249410394079,-0.089226566610157
3.2941657074587,-2.49765118708005,-0.122024597556551
-1.02984995851253,-6.10388347686721,-0.0521976731584686
-1.04667513321935,-6.17309539127897,-0.0326424001537637
-1.03050229356408,-6.10320930110392,-0.0301377937406
1.64011540523965,2.64388967396925,-0.0685506484014102
3.7653247865615,-2.61433780397623,-0.0580684094160606
3.77154741925142,-2.60213802292154,-0.0619352536630775
-0.27592492460303,0.26336994219149,-0.0150260594006995
-0.272036473474701,0.349384578975533,-0.0227538096029836
-3.14321808242683,3.87016277520674,-0.0711619465688531
-0.345596187003176,0.326550522874451,1.34259523185687e-05
-3.15772017856761,3.83154646511117,-0.0573674702774649
-2.81569598205451,3.55930766766307,-0.0802505302313412
-2.79535121816823,3.57831345788701,-0.0802292837677594
-2.79805449398674,3.56101366330113,-0.043302553959917
-2.80096174763029,3.55370338720443,-0.0748916865301705
3.37101592723046,-2.82819224349109,-0.0495633345735575
-0.297704279853534,0.339956591136129,-0.0193993607886536
-2.96095916778282,4.06240134829759,-0.0689188207169606
-0.268975550422727,0.31504355768516,-0.0322942393772907
-3.24637409098301,3.71008585898899,-0.0250490538501054
-2.91743555412291,3.95803351326742,-0.0463012534334768
3.45647252055943,-2.79877042122591,-0.0414216296343108
3.53042795104398,-2.79717162977663,-0.0589372664369852
3.52207541744817,-2.77593943306222,-0.0232012680961267
3.43310697936077,-2.77828315270658,-0.0148980390655287
-3.14593665203712,3.9091233544443,-0.071925943784851
3.46397898413291,-2.77267153845343,-0.0303832006297882
-3.11098650147839,3.94049790309574,-0.0801518457483716
-3.15074548188213,3.91052361225627,-0.071266705562872
-3.08863031385179,3.99451243979028,-0.0575349547967119
-3.15547050749065,3.93299915747697,-0.056598924176408
-3.21823210307046,3.91831199001585,-0.059430605060131
-0.829810320003755,0.476240079330495,-0.00338087223187178
-3.0733942196255,3.96996773779336,-0.0497108262905197
-0.839945723756077,0.486163791152087,0.00422879894891093
-3.18387828482327,3.90185208211745,-0.0531839063782797
-3.29845403722264,3.87829154746887,-0.00298507481110666
-3.33115365984278,3.85570553783226,0.0079281689187487
-3.31142539350797,3.7794402868325,-0.0768484279593689
2.8745525428951,2.46710214007643,-0.00734675925232731
-3.39558070712001,3.84689695495477,-0.0518122362793152
-0.823713123540712,0.449091075184743,0.00936320050496309
-0.826655147756469,0.50504803672375,0.0256979817762777
-0.851502832446872,0.507649921146127,0.0196410993721619
-0.849900144154697,0.473829618541929,0.024626697020937
3.3411638778971,-2.62858536298921,-0.0107176050919418
-2.18807905663012,-3.08807315458004,-0.0252849988089805
-2.36013435995344,-2.9799096679783,0.00301091622741634
-2.67314139128843,3.7290679419003,0.091785602215273
-2.6291759292642,3.36711738894121,-0.00299236854998286
-3.03397799977681,3.80895023133565,0.0583327942870149
-3.23827363281349,3.69802494272565,-0.00273264908439774
-3.13449854387291,3.84702487000608,0.0655508104644382
-3.09202443503003,3.61277644759166,-0.00175094070612691
-3.10322713189429,3.60891041167781,0.0204088284608579
5.20797385034947,1.71901322215508,0.0620413189918325
5.20786748991872,1.69912583360436,0.0444037132517197
5.19576147320485,1.7283190037249,0.065028056958826
5.29290804929449,1.76651409559679,0.0817877073639885
-1.12466420802092,-6.21802004582297,0.0239383942750291
3.31694146214633,-2.75504943017636,0.00518261261915098
3.28761836634528,-2.75466576866541,0.0102756913215623
-2.89108381401199,3.88890546758899,0.0797438688649821
-2.91358789423202,3.88651724221235,0.135059617591108
-0.651113056299407,-6.31633219753843,0.0872123116207042
-0.766787953355987,-6.35313171147699,0.141371396182707
-2.65901265780964,3.25426623064487,0.0473037334495658
-2.66472023954092,3.2555676499978,0.0503886152795945
-3.13634534696323,3.98332245178953,0.060577336225295
0.16561960760237,-1.4977048386544,0.155771555841437
0.13390768631743,-1.59120953413548,0.14063693888743
4.99734605162819,2.186848900928,0.158944668744798
-2.94082563292776,3.86279424920346,0.100907791884742
-2.9636655868409,3.86904924082283,0.0964275026122949
5.58269303064397,1.80030060683845,0.0659056692590001
-3.07508166715857,3.61725352569154,0.14822134347151
-3.04103306487525,3.65734067890302,0.167342670609564
-2.9701474509601,3.65537344242138,0.180960971235896
-3.01338697189196,3.61128470743706,0.163243193320331
-3.17528368014894,3.57587428205865,0.203213905840796
-3.22932407090521,3.68398866757964,0.091346024434573
-3.19355222075229,3.56476698386216,0.161100818514996
-3.19259071498852,3.56418767521646,0.189499296162043
-3.10836470868084,3.48121829486173,0.188499659112851
4.96431992271802,2.11172558784625,0.158109635323768
4.94237027449368,2.11043484286923,0.171300557432248
-3.03026845748204,3.98693541618498,0.216869697836518
-3.02550944433404,3.95450756767913,0.213378360571862
-3.05671352613667,3.53742397822292,0.212326765270636
-3.02446277535151,3.47145574191408,0.185263495194893
-3.10077838622967,3.53091765880826,0.21438553868717
-3.0847285169101,3.46534684328094,0.176521068029649
-3.08784429329461,3.5098461366622,0.230241740649725
-3.07577422863719,3.49338352227247,0.155404304616781
-3.10953274734414,3.56656353061615,0.194103584582126
-1.87693382501725,0.0913634291219996,0.190151536872681
-2.62727033253865,0.0741738789771436,0.166458573419706
-2.67865791952731,0.0409948563415252,0.125694445642852
-2.66316585335619,-0.00113529288263869,0.125851161336935
-3.23185703870618,3.707972442975,0.0661945235929684
-3.15742952798297,3.73897405719394,0.0711826185339894
-3.10315397891969,3.69335244193774,0.0932314014970341
-3.1903901251856,3.68057751257508,0.0893989415727003
-3.32580858147883,3.70741377570256,0.101759586249014
-2.26202223555991,1.47194611429697,0.138999047782007
-3.17427138179266,3.8223997535487,0.168332521940987
-3.23159041601906,3.78661676978705,0.162237439521362
-2.26434826743626,1.47446444785199,0.130128197074595
-3.33428783908469,3.60866720672898,0.0910503898157571
-3.60521576054845,3.57740704726566,0.0875636900502208
4.78911432535788,1.90308599323457,0.232181243863912
-3.32468434925389,3.76927792700123,0.10461056438415
-3.30422924860449,3.87180748756174,0.235605697802188
-3.29264408704111,3.85702868510936,0.24763129606984
-3.27848691979477,3.90470254577452,0.237289922106765
-3.31318879398692,3.90010765153638,0.24434180828441
-3.19382043269272,3.46417109066532,0.116259540495778
-3.13172816773897,3.74181722469843,0.153995991316007
-3.17631043162729,3.75041004163807,0.167034683346448
0.156186341424384,1.17595194768159,0.152135771340163
-3.15592426974772,3.74819398011242,0.150696411594527
-3.14934178918164,3.72406385510825,0.128338606484007
-3.19229115016927,3.73236296372124,0.12465965764916
-3.19184633829016,3.3193126925241,0.136154862732621
2.95835304059619,-2.83120833262536,0.14768765217874
-0.818636320164439,0.00738847532583087,0.203975153258857
-3.10276453347342,3.61300623679177,0.194930459501216
-2.71086621747288,1.17685957142858,0.174263617865358
-2.71726653537039,1.13596811128469,0.160801618506114
6.24719080056039,4.88264728158869,0.206766248149443
6.22681583668272,4.90670295132077,0.210989729995726
6.22735699646829,4.88736441624071,0.195994977560614
6.19927158941625,4.86252412975089,0.165936514880717
6.23488078804739,4.92071560240072,0.169124605293262
6.21733095380101,4.88608540437878,0.165507131436072
0.207612638444763,-1.47479252695966,0.2134747334357
6.20710833265261,4.90538202236567,0.178130431322822
6.20436051295075,4.90905156102595,0.168878179026428
6.22457228698831,4.89716381680716,0.182052842125809
6.20586652722872,4.90076234761583,0.178057907887868
6.22522239414088,4.89013230725733,0.179809974848689
-2.45863485292889,7.1422148782642,0.239285199408521
4.60235632964782,1.53125566101905,0.24738964439932
4.64154145223034,1.54719729376279,0.23593393767506
4.64139628608848,1.55598390267674,0.257427775546889
4.64920561784126,1.54894008831426,0.245149392770221
4.65387961427401,1.58656127255742,0.269814860420988
-2.97293724639287,3.26318068466968,0.226161051268367
4.63945529110169,1.51204664086064,0.248185299226765
-3.32239101337536,3.65498677022674,0.192767553984539
-2.32534987337081,-1.62280293401381,0.25911686272892
-2.32527554382508,-1.34914165379819,0.276239978162566
-2.27312090945097,-0.479877881472575,0.182957042016459
-2.86073994889511,-1.37939632201439,0.265331129502072
-2.91550325611602,-1.32033075307697,0.259241304513616
-3.47984778605369,3.64289035916448,0.172723090598467
-3.53423356583428,3.62538863604192,0.164542135305414
-3.54229957403689,3.83289353181302,0.217537145003689
-3.13662944155745,3.48505276346469,0.228453688907629
-2.24407193553643,0.225363443131306,0.301816516771564
-3.14428351509948,3.21825513928598,0.321239015324672
-2.34449755751364,0.165142278800621,0.317417275769503
-3.23167128756507,3.38588583076851,0.226995396296721
-3.26500033836364,3.48904450592163,0.321500801748706
-3.12641528407217,3.36503488228435,0.283486654155221
-2.56220581552716,0.0292731738457981,0.326385911774262
-3.40544411190969,3.56577212053896,0.267955190073734
-3.48512719690788,3.58809334633382,0.233230805428999
-3.42684954167838,3.52205415313028,0.268905800890651
-3.46505093448317,3.55324141655068,0.257434047631206
-3.42931737809294,3.54600457607499,0.277224691517336
1.19178771722452,-2.96151201330988,0.309008187074067
4.56121470249834,1.76331402050871,0.280490341823496
4.52068101502105,1.68734739518349,0.289458294561417
4.53865822804373,1.65393142443714,0.337463243416951
4.49746766650368,1.75123124373375,0.302646467877145
4.49474885182498,1.67990729039769,0.290513349304953
-3.25595933585141,3.54283845810903,0.272316447078307
3.1394411998491,1.51817190935262,0.327187292561794
-3.55602900183014,3.38897918513658,0.338271338528512
-3.63997548094797,3.61996803207857,0.201639735314272
-2.76443563096868,-0.273597739412802,0.296954834482076
-3.44937893693751,3.35020620168184,0.364461356561281
4.37935038424866,1.65023722090661,0.326153821979437
4.3450829094941,1.58581787072201,0.334786767678234
4.32269182213425,1.62995437070063,0.335762446691233
4.35028638757171,1.68190025645537,0.35996736288614
4.3267159650555,1.57504337980924,0.345124511590083
4.31568349945776,1.60517679254085,0.356232183570475
4.32452020578214,1.59962947239953,0.363371583895746
